"ind1" "ind2" "x1" "y1" "x2" "y2" "idD" "id" "tree" "year" "DOY" "date"
39 92 3.20708715791477 1480.43657802775 7.26767173595087 1421.22813624885 "Lz.Fa.73.06_19_18" "Fa.73" 73 2018 170 "06_19_18"
39 14 3.20708715791477 1480.43657802775 0 1504.80381170253 "Lz.Fa.73.06_19_18" "Fa.73" 73 2018 170 "06_19_18"
1 3 99.2875196202733 1514.10226601784 120.341371191898 1511.64453861228 "Lz.Fa.73.06_19_18" "Fa.73" 73 2018 170 "06_19_18"
188 216 12.5047570086809 1339.46849620655 17.6347628716255 1311.03950125692 "Lz.Fa.73.06_19_18" "Fa.73" 73 2018 170 "06_19_18"
9 11 310.25964811131 1506.83518263029 270.821870031832 1506.72771098824 "Lz.Fa.73.06_19_18" "Fa.73" 73 2018 170 "06_19_18"
9 10 310.25964811131 1506.83518263029 351.941190892904 1506.83459428189 "Lz.Fa.73.06_19_18" "Fa.73" 73 2018 170 "06_19_18"
6 11 225.400588669288 1508.75829745146 270.821870031832 1506.72771098824 "Lz.Fa.73.06_19_18" "Fa.73" 73 2018 170 "06_19_18"
216 270 17.6347628716255 1311.03950125692 25.7571087245086 1253.75397818306 "Lz.Fa.73.06_19_18" "Fa.73" 73 2018 170 "06_19_18"
10 13 351.941190892904 1506.83459428189 391.698638272657 1505.33862040305 "Lz.Fa.73.06_19_18" "Fa.73" 73 2018 170 "06_19_18"
19 12 458.068064609986 1498.60497290308 420.020749928638 1505.44511146443 "Lz.Fa.73.06_19_18" "Fa.73" 73 2018 170 "06_19_18"
34 19 474.099185844587 1487.91840858327 458.068064609986 1498.60497290308 "Lz.Fa.73.06_19_18" "Fa.73" 73 2018 170 "06_19_18"
336 239 508.085523715629 1173.49070425187 493.763750714892 1286.77895475965 "Lz.Fa.73.06_19_18" "Fa.73" 73 2018 170 "06_19_18"
709 589 36.5521252670547 835.764991414453 51.1935675680661 937.617317850063 "Lz.Fa.73.06_19_18" "Fa.73" 73 2018 170 "06_19_18"
589 521 51.1935675680661 937.617317850063 55.682469785244 992.978745522086 "Lz.Fa.73.06_19_18" "Fa.73" 73 2018 170 "06_19_18"
34 239 474.099185844587 1487.91840858327 493.763750714892 1286.77895475965 "Lz.Fa.73.06_19_18" "Fa.73" 73 2018 170 "06_19_18"
729 709 36.1241998601833 804.557030829914 36.5521252670547 835.764991414453 "Lz.Fa.73.06_19_18" "Fa.73" 73 2018 170 "06_19_18"
410 737 510.116110178849 1088.31079881276 540.04088289118 791.411954640007 "Lz.Fa.73.06_19_18" "Fa.73" 73 2018 170 "06_19_18"
804 844 575.202936992375 679.512794717402 610.25850003219 607.05160899041 "Lz.Fa.73.06_19_18" "Fa.73" 73 2018 170 "06_19_18"
920 907 141.182436756898 270.928949441617 142.358545219321 303.953926018212 "Lz.Fa.73.06_19_18" "Fa.73" 73 2018 170 "06_19_18"
949 920 143.747243572235 183.077942241927 141.182436756898 270.928949441617 "Lz.Fa.73.06_19_18" "Fa.73" 73 2018 170 "06_19_18"
995 996 220.698115980945 45.6362246466555 280.761427992905 42.6434924244468 "Lz.Fa.73.06_19_18" "Fa.73" 73 2018 170 "06_19_18"
986 927 640.39664709955 78.4470424036791 659.099850675409 248.912363762599 "Lz.Fa.73.06_19_18" "Fa.73" 73 2018 170 "06_19_18"
996 1002 280.761427992905 42.6434924244468 507.444027837592 12.3982659473009 "Lz.Fa.73.06_19_18" "Fa.73" 73 2018 170 "06_19_18"
1004 1002 549.446024384001 2.45851187009239 507.444027837592 12.3982659473009 "Lz.Fa.73.06_19_18" "Fa.73" 73 2018 170 "06_19_18"
5 2 23.6202273160429 1508.97206403876 78.3403552261639 1513.2475919009 "Lz.Fa.73.06_19_18" "Fa.73" 73 2018 170 "06_19_18"
14 5 0 1504.80381170253 23.6202273160429 1508.97206403876 "Lz.Fa.73.06_19_18" "Fa.73" 73 2018 170 "06_19_18"
6 3 225.400588669288 1508.75829745146 120.341371191898 1511.64453861228 "Lz.Fa.73.06_19_18" "Fa.73" 73 2018 170 "06_19_18"
188 92 12.5047570086809 1339.46849620655 7.26767173595087 1421.22813624885 "Lz.Fa.73.06_19_18" "Fa.73" 73 2018 170 "06_19_18"
12 13 420.020749928638 1505.44511146443 391.698638272657 1505.33862040305 "Lz.Fa.73.06_19_18" "Fa.73" 73 2018 170 "06_19_18"
407 270 53.2247423796923 1091.41021821248 25.7571087245086 1253.75397818306 "Lz.Fa.73.06_19_18" "Fa.73" 73 2018 170 "06_19_18"
521 407 55.682469785244 992.978745522086 53.2247423796923 1091.41021821248 "Lz.Fa.73.06_19_18" "Fa.73" 73 2018 170 "06_19_18"
744 729 37.1926405644161 782.541033499301 36.1241998601833 804.557030829914 "Lz.Fa.73.06_19_18" "Fa.73" 73 2018 170 "06_19_18"
797 780 53.8650615609185 690.842031612065 45.2090837043245 723.011157374916 "Lz.Fa.73.06_19_18" "Fa.73" 73 2018 170 "06_19_18"
780 744 45.2090837043245 723.011157374916 37.1926405644161 782.541033499301 "Lz.Fa.73.06_19_18" "Fa.73" 73 2018 170 "06_19_18"
823 797 69.7900839664094 650.122438473323 53.8650615609185 690.842031612065 "Lz.Fa.73.06_19_18" "Fa.73" 73 2018 170 "06_19_18"
737 804 540.04088289118 791.411954640007 575.202936992375 679.512794717402 "Lz.Fa.73.06_19_18" "Fa.73" 73 2018 170 "06_19_18"
410 336 510.116110178849 1088.31079881276 508.085523715629 1173.49070425187 "Lz.Fa.73.06_19_18" "Fa.73" 73 2018 170 "06_19_18"
823 907 69.7900839664094 650.122438473323 142.358545219321 303.953926018212 "Lz.Fa.73.06_19_18" "Fa.73" 73 2018 170 "06_19_18"
979 949 168.542991002296 103.562655250151 143.747243572235 183.077942241927 "Lz.Fa.73.06_19_18" "Fa.73" 73 2018 170 "06_19_18"
991 989 202.956665931804 50.9796048646305 184.25326623981 58.3537676619613 "Lz.Fa.73.06_19_18" "Fa.73" 73 2018 170 "06_19_18"
995 991 220.698115980945 45.6362246466555 202.956665931804 50.9796048646305 "Lz.Fa.73.06_19_18" "Fa.73" 73 2018 170 "06_19_18"
989 979 184.25326623981 58.3537676619613 168.542991002296 103.562655250151 "Lz.Fa.73.06_19_18" "Fa.73" 73 2018 170 "06_19_18"
998 986 641.038339093723 39.1171281985271 640.39664709955 78.4470424036791 "Lz.Fa.73.06_19_18" "Fa.73" 73 2018 170 "06_19_18"
1005 1004 637.191128870717 0 549.446024384001 2.45851187009239 "Lz.Fa.73.06_19_18" "Fa.73" 73 2018 170 "06_19_18"
1 2 99.2875196202733 1514.10226601784 78.3403552261639 1513.2475919009 "Lz.Fa.73.06_19_18" "Fa.73" 73 2018 170 "06_19_18"
927 844 659.099850675409 248.912363762599 610.25850003219 607.05160899041 "Lz.Fa.73.06_19_18" "Fa.73" 73 2018 170 "06_19_18"
1005 998 637.191128870717 0 641.038339093723 39.1171281985271 "Lz.Fa.73.06_19_18" "Fa.73" 73 2018 170 "06_19_18"
