"idSector" "layer" "cFile" "idD" "xLeftC" "xRightC" "yInfL" "ySupL" "xLeftL" "xRightL" "yLeftL" "yRightL" "xLeftLed" "xRightLed" "xLengthL" "xLengthInfL" "xLengthSupL" "xLeftInfP" "xLeftSupP" "xLeftEdgeS" "yLeftInfS" "yLeftSupS" "yLeftEdgeS" "xRightInfS" "xRightSupS" "xRightEdgeS" "yRightInfS" "yRightSupS" "yRightEdgeS" "APF" "vessel" "idVessel" "nbcell" "Vorigin" "cLdif" "laydif" "circle"
"39" "c10.l1" 1 10 "Lz.Fa.73.06_19_18" NA 1 32.643 71.514 184.25326623981 641.038339093723 58.3537676619613 58.3537676619613 177.25326623981 648.038339093723 474.387760194559 472.977721380261 488.522231571501 437.95858626461 428.586644045122 433.272615154866 27.643 72.005 52.0785 469.60079582495 460.998146927134 465.299471376042 26.643 71.0285 51.093 0 1 36 0 NA 0 2 2
"50" "c10.l2" 2 10 "Lz.Fa.73.06_19_18" 43 7 71.514 110.385 168.542991002296 641.038339093723 103.562655250151 39.1171281985271 161.542991002296 648.038339093723 490.745300203232 488.522231571501 500.566153014303 428.586644045122 425.271143532185 426.928893788653 72.005 110.385 91.195 460.998146927134 458.759019168842 459.878583047988 71.0285 109.443 90.23575 0 1 36 0 NA 0 1 1
"61" "c10.l3" 3 10 "Lz.Fa.73.06_19_18" 60 12 110.385 149.255 156.359079990701 640.39664709955 78.4470424036791 78.4470424036791 149.359079990701 647.39664709955 498.037567108849 500.566153014303 512.405655576519 425.271143532185 419.185240926012 422.228192229099 110.385 149.255 129.82 458.759019168842 453.465179284082 456.112099226462 109.443 148.343 128.893 0 1 36 0 1 0 0 0
"71" "c10.l4" 4 10 "Lz.Fa.73.06_19_18" 68 27 149.255 188.126 143.747243572235 630.991897838999 183.077942241927 183.077942241927 136.747243572235 637.991897838999 501.244654266764 512.405655576519 510.51067634539 419.185240926012 418.140728373814 418.662984649913 149.255 188.126 168.6905 453.465179284082 452.29389262132 452.879535952701 148.343 187.243 167.793 0 1 36 0 NA 0 -1 1
"72" "c10.l5" 5 10 "Lz.Fa.73.06_19_18" 75 38 188.126 226.997 148.557384018769 638.580219455901 203.2106 203.2106 141.557384018769 645.580219455901 504.022835437132 510.51067634539 512.984711185876 418.140728373814 416.939609562553 417.540168968183 188.126 226.997 207.5615 452.29389262132 451.258286740888 451.776089681104 187.243 226.142 206.6925 0 1 36 0 NA 0 -2 2
"73" "c10.l6" 6 10 "Lz.Fa.73.06_19_18" 97 52 226.997 265.867 141.182436756898 634.626125939245 270.928949441617 270.928949441617 134.182436756898 641.626125939245 507.443689182347 512.984711185876 533.366220364354 416.939609562553 428.17389742173 422.556753492141 226.997 265.867 246.432 451.258286740888 463.856097564105 457.557192152497 226.142 265.042 245.592 0 1 36 0 NA 0 -3 3
"74" "c10.l7" 7 10 "Lz.Fa.73.06_19_18" 105 57 265.867 304.738 142.358545219321 659.099850675409 303.953926018212 248.912363762599 135.358545219321 666.099850675409 533.587768687374 533.366220364354 532.117983929535 428.17389742173 428.66197796128 428.417937691505 265.867 304.738 285.3025 463.856097564105 464.260671086166 464.058384325136 265.042 303.942 284.492 0 1 36 0 NA 0 -4 4
"75" "c10.l8" 8 10 "Lz.Fa.73.06_19_18" 111 57 304.738 343.609 145.885105561376 659.099850675409 320.302866666667 320.302866666667 138.885105561376 666.099850675409 527.214745114033 532.117983929535 528.526789282866 428.66197796128 430.209071814092 429.435524887686 304.738 343.609 324.1735 464.260671086166 465.567514017115 464.914092551641 303.942 342.842 323.392 0 1 36 0 NA 0 -5 5
"77" "c11.l1" 1 11 "Lz.Fa.73.06_19_18" NA 1 31.643 70.543 184.25326623981 641.038339093723 58.3537676619613 58.3537676619613 177.25326623981 648.038339093723 474.387760194559 472.977721380261 488.522231571501 469.60079582495 460.998146927134 465.299471376042 26.643 71.0285 51.093 508.716053383097 501.064384421041 504.890218902069 2.398 58.7395 27.167 0 1 36 0 NA -1 2 2
"88" "c11.l2" 2 11 "Lz.Fa.73.06_19_18" 43 7 70.543 109.443 168.542991002296 641.038339093723 103.562655250151 39.1171281985271 161.542991002296 648.038339093723 490.745300203232 488.522231571501 500.566153014303 460.998146927134 458.759019168842 459.878583047988 71.0285 109.443 90.23575 501.064384421041 500.155840023125 500.610112222083 58.7395 86.474 72.60675 0 1 36 0 NA -1 1 1
"99" "c11.l3" 3 11 "Lz.Fa.73.06_19_18" 60 12 109.443 148.343 156.359079990701 640.39664709955 78.4470424036791 78.4470424036791 149.359079990701 647.39664709955 498.037567108849 500.566153014303 512.405655576519 458.759019168842 453.465179284082 456.112099226462 109.443 148.343 128.893 500.155840023125 495.84112700026 497.998483511692 86.474 126.012 106.243 0 1 36 0 NA -1 0 1
"109" "c11.l4" 4 11 "Lz.Fa.73.06_19_18" 68 27 148.343 187.243 143.747243572235 630.991897838999 183.077942241927 183.077942241927 136.747243572235 637.991897838999 501.244654266764 512.405655576519 510.51067634539 453.465179284082 452.29389262132 452.879535952701 148.343 187.243 167.793 495.84112700026 494.513125555084 495.177126277672 126.012 165.55 145.781 0 1 36 0 NA -1 -1 1
"110" "c11.l5" 5 11 "Lz.Fa.73.06_19_18" 75 38 187.243 226.142 148.557384018769 638.580219455901 203.2106 203.2106 141.557384018769 645.580219455901 504.022835437132 510.51067634539 512.984711185876 452.29389262132 451.258286740888 451.776089681104 187.243 226.142 206.6925 494.513125555084 493.68212235596 494.097623955522 165.55 205.087 185.3185 0 1 36 0 NA -1 -2 2
"111" "c11.l6" 6 11 "Lz.Fa.73.06_19_18" 97 52 226.142 265.042 141.182436756898 634.626125939245 270.928949441617 270.928949441617 134.182436756898 641.626125939245 507.443689182347 512.984711185876 533.366220364354 451.258286740888 463.856097564105 457.557192152497 226.142 265.042 245.592 493.68212235596 507.965483988237 500.823803172099 205.087 244.625 224.856 0 1 36 0 NA -1 -3 3
"112" "c11.l7" 7 11 "Lz.Fa.73.06_19_18" 105 57 265.042 303.942 142.358545219321 659.099850675409 303.953926018212 248.912363762599 135.358545219321 666.099850675409 533.587768687374 533.366220364354 532.117983929535 463.856097564105 464.260671086166 464.058384325136 265.042 303.942 284.492 507.965483988237 508.266828357139 508.116156172688 244.625 284.163 264.394 0 1 36 0 NA -1 -4 4
"115" "c12.l1" 1 12 "Lz.Fa.73.06_19_18" NA 1 7.398 46.936 184.25326623981 641.038339093723 58.3537676619613 58.3537676619613 177.25326623981 648.038339093723 474.387760194559 472.977721380261 488.522231571501 508.716053383097 501.064384421041 504.890218902069 2.398 58.7395 27.167 547.973204257659 541.2759649772 544.624584617429 -7.541 42.0775 17.339 1 1 36 2 NA -2 2 2
"126" "c12.l2" 2 12 "Lz.Fa.73.06_19_18" 43 7 46.936 86.474 168.542991002296 641.038339093723 103.562655250151 39.1171281985271 161.542991002296 648.038339093723 490.745300203232 488.522231571501 500.566153014303 501.064384421041 500.155840023125 500.610112222083 58.7395 86.474 72.60675 541.2759649772 541.702830723312 541.489397850256 42.0775 76.979 59.52825 0 1 36 0 NA -2 1 2
"137" "c12.l3" 3 12 "Lz.Fa.73.06_19_18" 60 12 86.474 126.012 156.359079990701 640.39664709955 78.4470424036791 78.4470424036791 149.359079990701 647.39664709955 498.037567108849 500.566153014303 512.405655576519 500.155840023125 495.84112700026 497.998483511692 86.474 126.012 106.243 541.702830723312 538.370796413111 540.036813568211 76.979 116.739 96.859 0 1 36 0 NA -2 0 2
"147" "c12.l4" 4 12 "Lz.Fa.73.06_19_18" 68 27 126.012 165.55 143.747243572235 630.991897838999 183.077942241927 183.077942241927 136.747243572235 637.991897838999 501.244654266764 512.405655576519 510.51067634539 495.84112700026 494.513125555084 495.177126277672 126.012 165.55 145.781 538.370796413111 536.885511691752 537.628154052431 116.739 156.499 136.619 0 1 36 0 NA -2 -1 2
"148" "c12.l5" 5 12 "Lz.Fa.73.06_19_18" 75 38 165.55 205.087 148.557384018769 638.580219455901 203.2106 203.2106 141.557384018769 645.580219455901 504.022835437132 510.51067634539 512.984711185876 494.513125555084 493.68212235596 494.097623955522 165.55 205.087 185.3185 536.885511691752 536.259853384388 536.57268253807 156.499 196.259 176.379 0 1 36 0 NA -2 -2 2
"149" "c12.l6" 6 12 "Lz.Fa.73.06_19_18" 97 52 205.087 244.625 141.182436756898 634.626125939245 270.928949441617 270.928949441617 134.182436756898 641.626125939245 507.443689182347 512.984711185876 533.366220364354 493.68212235596 507.965483988237 500.823803172099 205.087 244.625 224.856 536.259853384388 552.234880278479 544.247366831433 196.259 236.019 216.139 0 1 36 0 NA -2 -3 3
"175" "c13.l3" 3 13 "Lz.Fa.73.06_19_18" 60 12 76.979 116.739 156.359079990701 640.39664709955 78.4470424036791 78.4470424036791 149.359079990701 647.39664709955 498.037567108849 500.566153014303 512.405655576519 541.702830723312 538.370796413111 540.036813568211 76.979 116.739 96.859 576.442121742505 573.931748910121 575.186935326313 81.54 121.177 101.3585 1 1 36 1 NA -3 0 3
"392" "c5.l2" 2 5 "Lz.Fa.73.06_19_18" 43 7 76.577 115.51 168.542991002296 641.038339093723 103.562655250151 39.1171281985271 161.542991002296 648.038339093723 490.745300203232 488.522231571501 500.566153014303 261.587465518522 252.725990588155 257.156728053338 79.862 115.51 97.686 282.323075733023 274.150221937167 278.236648835095 76.0575 114.433 95.24525 0 1 36 0 NA 5 1 5
"403" "c5.l3" 3 5 "Lz.Fa.73.06_19_18" 60 12 115.51 154.443 156.359079990701 640.39664709955 78.4470424036791 78.4470424036791 149.359079990701 647.39664709955 498.037567108849 500.566153014303 512.405655576519 252.725990588155 242.559011448786 247.64250101847 115.51 154.443 134.9765 274.150221937167 264.489973507461 269.320097722314 114.433 153.328 133.8805 1 1 36 1 NA 5 0 5
"413" "c5.l4" 4 5 "Lz.Fa.73.06_19_18" 68 27 154.443 193.376 143.747243572235 630.991897838999 183.077942241927 183.077942241927 136.747243572235 637.991897838999 501.244654266764 512.405655576519 510.51067634539 242.559011448786 242.167698237558 242.363354843172 154.443 193.376 173.9095 264.489973507461 264.017555185141 264.253764346301 153.328 192.223 172.7755 0 1 36 0 NA 5 -1 5
"414" "c5.l5" 5 5 "Lz.Fa.73.06_19_18" 75 38 193.376 232.309 148.557384018769 638.580219455901 203.2106 203.2106 141.557384018769 645.580219455901 504.022835437132 510.51067634539 512.984711185876 242.167698237558 240.113779616781 241.14073892717 193.376 232.309 212.8425 264.017555185141 262.069525255537 263.043540220339 192.223 231.117 211.67 0 1 36 0 NA 5 -2 5
"419" "c6.l1" 1 6 "Lz.Fa.73.06_19_18" NA 1 36.643 75.538 184.25326623981 641.038339093723 58.3537676619613 58.3537676619613 177.25326623981 648.038339093723 474.387760194559 472.977721380261 488.522231571501 295.166612179909 282.323075733023 288.744843956466 31.643 76.0575 56.0905 318.910093793198 306.643814816386 312.776954304792 30.643 75.0075 55.06 1 1 36 1 NA 4 2 4
"430" "c6.l2" 2 6 "Lz.Fa.73.06_19_18" 43 7 75.538 114.433 168.542991002296 641.038339093723 103.562655250151 39.1171281985271 161.542991002296 648.038339093723 490.745300203232 488.522231571501 500.566153014303 282.323075733023 274.150221937167 278.236648835095 76.0575 114.433 95.24525 306.643814816386 299.278642818485 302.961228817435 75.0075 113.311 94.15925 0 1 36 0 NA 4 1 4
"441" "c6.l3" 3 6 "Lz.Fa.73.06_19_18" 60 12 114.433 153.328 156.359079990701 640.39664709955 78.4470424036791 78.4470424036791 149.359079990701 647.39664709955 498.037567108849 500.566153014303 512.405655576519 274.150221937167 264.489973507461 269.320097722314 114.433 153.328 133.8805 299.278642818485 290.212737417403 294.745690117944 113.311 152.145 132.728 0 1 36 0 NA 4 0 4
"451" "c6.l4" 4 6 "Lz.Fa.73.06_19_18" 68 27 153.328 192.223 143.747243572235 630.991897838999 183.077942241927 183.077942241927 136.747243572235 637.991897838999 501.244654266764 512.405655576519 510.51067634539 264.489973507461 264.017555185141 264.253764346301 153.328 192.223 172.7755 290.212737417403 289.645191137679 289.928964277541 152.145 190.979 171.562 0 1 36 0 NA 4 -1 4
"452" "c6.l5" 5 6 "Lz.Fa.73.06_19_18" 75 38 192.223 231.117 148.557384018769 638.580219455901 203.2106 203.2106 141.557384018769 645.580219455901 504.022835437132 510.51067634539 512.984711185876 264.017555185141 262.069525255537 263.043540220339 192.223 231.117 211.67 289.645191137679 287.821357757068 288.733274447374 190.979 229.813 210.396 0 1 36 0 NA 4 -2 4
"457" "c7.l1" 1 7 "Lz.Fa.73.06_19_18" NA 1 35.643 74.477 184.25326623981 641.038339093723 58.3537676619613 58.3537676619613 177.25326623981 648.038339093723 474.387760194559 472.977721380261 488.522231571501 318.910093793198 306.643814816386 312.776954304792 30.643 75.0075 55.06 369.566007753024 358.531288040055 364.04864789654 29.643 73.996 54.079 0 1 36 0 NA 3 2 3
"468" "c7.l2" 2 7 "Lz.Fa.73.06_19_18" 43 7 74.477 113.311 168.542991002296 641.038339093723 103.562655250151 39.1171281985271 161.542991002296 648.038339093723 490.745300203232 488.522231571501 500.566153014303 306.643814816386 299.278642818485 302.961228817435 75.0075 113.311 94.15925 358.531288040055 352.889277806317 355.710282923186 73.996 112.386 93.191 0 1 36 0 NA 3 1 3
"479" "c7.l3" 3 7 "Lz.Fa.73.06_19_18" 60 12 113.311 152.145 156.359079990701 640.39664709955 78.4470424036791 78.4470424036791 149.359079990701 647.39664709955 498.037567108849 500.566153014303 512.405655576519 299.278642818485 290.212737417403 294.745690117944 113.311 152.145 132.728 352.889277806317 345.091383129648 348.990330467982 112.386 151.258 131.822 0 1 36 0 NA 3 0 3
"489" "c7.l4" 4 7 "Lz.Fa.73.06_19_18" 68 27 152.145 190.979 143.747243572235 630.991897838999 183.077942241927 183.077942241927 136.747243572235 637.991897838999 501.244654266764 512.405655576519 510.51067634539 290.212737417403 289.645191137679 289.928964277541 152.145 190.979 171.562 345.091383129648 344.320884574271 344.706133851959 151.258 190.129 170.6935 0 1 36 0 NA 3 -1 3
"490" "c7.l5" 5 7 "Lz.Fa.73.06_19_18" 75 38 190.979 229.813 148.557384018769 638.580219455901 203.2106 203.2106 141.557384018769 645.580219455901 504.022835437132 510.51067634539 512.984711185876 289.645191137679 287.821357757068 288.733274447374 190.979 229.813 210.396 344.320884574271 342.762020325075 343.541452449673 190.129 229.001 209.565 0 1 36 0 NA 3 -2 3
"491" "c7.l6" 6 7 "Lz.Fa.73.06_19_18" 97 52 229.813 268.647 141.182436756898 634.626125939245 270.928949441617 270.928949441617 134.182436756898 641.626125939245 507.443689182347 512.984711185876 533.366220364354 287.821357757068 293.925619756022 290.873488756545 229.813 268.647 249.23 342.762020325075 351.049141957044 346.90558114106 229.001 267.872 248.4365 1 1 36 1 NA 3 -3 3
"495" "c8.l1" 1 8 "Lz.Fa.73.06_19_18" NA 1 34.643 73.515 184.25326623981 641.038339093723 58.3537676619613 58.3537676619613 177.25326623981 648.038339093723 474.387760194559 472.977721380261 488.522231571501 369.566007753024 358.531288040055 364.04864789654 29.643 73.996 54.079 416.059717764704 406.155364771024 411.107541267864 28.643 73.0055 53.0695 0 1 36 0 NA 2 2 2
"506" "c8.l2" 2 8 "Lz.Fa.73.06_19_18" 43 7 73.515 112.386 168.542991002296 641.038339093723 103.562655250151 39.1171281985271 161.542991002296 648.038339093723 490.745300203232 488.522231571501 500.566153014303 358.531288040055 352.889277806317 355.710282923186 73.996 112.386 93.191 406.155364771024 402.094930647623 404.125147709323 73.0055 111.349 92.17725 0 1 36 0 NA 2 1 2
"517" "c8.l3" 3 8 "Lz.Fa.73.06_19_18" 60 12 112.386 151.258 156.359079990701 640.39664709955 78.4470424036791 78.4470424036791 149.359079990701 647.39664709955 498.037567108849 500.566153014303 512.405655576519 352.889277806317 345.091383129648 348.990330467982 112.386 151.258 131.822 402.094930647623 395.46085907282 398.777894860221 111.349 150.202 130.7755 0 1 36 0 NA 2 0 2
"527" "c8.l4" 4 8 "Lz.Fa.73.06_19_18" 68 27 151.258 190.129 143.747243572235 630.991897838999 183.077942241927 183.077942241927 136.747243572235 637.991897838999 501.244654266764 512.405655576519 510.51067634539 345.091383129648 344.320884574271 344.706133851959 151.258 190.129 170.6935 395.46085907282 394.504084059022 394.982471565921 150.202 189.055 169.6285 0 1 36 0 NA 2 -1 2
"528" "c8.l5" 5 8 "Lz.Fa.73.06_19_18" 75 38 190.129 229.001 148.557384018769 638.580219455901 203.2106 203.2106 141.557384018769 645.580219455901 504.022835437132 510.51067634539 512.984711185876 344.320884574271 342.762020325075 343.541452449673 190.129 229.001 209.565 394.504084059022 393.188417434647 393.846250746835 189.055 227.907 208.481 0 1 36 0 NA 2 -2 2
"529" "c8.l6" 6 8 "Lz.Fa.73.06_19_18" 97 52 229.001 267.872 141.182436756898 634.626125939245 270.928949441617 270.928949441617 134.182436756898 641.626125939245 507.443689182347 512.984711185876 533.366220364354 342.762020325075 351.049141957044 346.90558114106 229.001 267.872 248.4365 393.188417434647 403.47904141886 398.333729426754 227.907 266.76 247.3335 0 1 36 0 NA 2 -3 3
"533" "c9.l1" 1 9 "Lz.Fa.73.06_19_18" NA 1 33.643 72.496 184.25326623981 641.038339093723 58.3537676619613 58.3537676619613 177.25326623981 648.038339093723 474.387760194559 472.977721380261 488.522231571501 416.059717764704 406.155364771024 411.107541267864 28.643 73.0055 53.0695 437.95858626461 428.586644045122 433.272615154866 27.643 72.005 52.0785 0 1 36 0 NA 1 2 2
"544" "c9.l2" 2 9 "Lz.Fa.73.06_19_18" 43 7 72.496 111.349 168.542991002296 641.038339093723 103.562655250151 39.1171281985271 161.542991002296 648.038339093723 490.745300203232 488.522231571501 500.566153014303 406.155364771024 402.094930647623 404.125147709323 73.0055 111.349 92.17725 428.586644045122 425.271143532185 426.928893788653 72.005 110.385 91.195 0 1 36 0 NA 1 1 1
"555" "c9.l3" 3 9 "Lz.Fa.73.06_19_18" 60 12 111.349 150.202 156.359079990701 640.39664709955 78.4470424036791 78.4470424036791 149.359079990701 647.39664709955 498.037567108849 500.566153014303 512.405655576519 402.094930647623 395.46085907282 398.777894860221 111.349 150.202 130.7755 425.271143532185 419.185240926012 422.228192229099 110.385 149.255 129.82 0 1 36 0 NA 1 0 1
"565" "c9.l4" 4 9 "Lz.Fa.73.06_19_18" 68 27 150.202 189.055 143.747243572235 630.991897838999 183.077942241927 183.077942241927 136.747243572235 637.991897838999 501.244654266764 512.405655576519 510.51067634539 395.46085907282 394.504084059022 394.982471565921 150.202 189.055 169.6285 419.185240926012 418.140728373814 418.662984649913 149.255 188.126 168.6905 0 1 36 0 NA 1 -1 1
"566" "c9.l5" 5 9 "Lz.Fa.73.06_19_18" 75 38 189.055 227.907 148.557384018769 638.580219455901 203.2106 203.2106 141.557384018769 645.580219455901 504.022835437132 510.51067634539 512.984711185876 394.504084059022 393.188417434647 393.846250746835 189.055 227.907 208.481 418.140728373814 416.939609562553 417.540168968183 188.126 226.997 207.5615 0 1 36 0 NA 1 -2 2
"567" "c9.l6" 6 9 "Lz.Fa.73.06_19_18" 97 52 227.907 266.76 141.182436756898 634.626125939245 270.928949441617 270.928949441617 134.182436756898 641.626125939245 507.443689182347 512.984711185876 533.366220364354 393.188417434647 403.47904141886 398.333729426754 227.907 266.76 247.3335 416.939609562553 428.17389742173 422.556753492141 226.997 265.867 246.432 0 1 36 0 NA 1 -3 3
"568" "c9.l7" 7 9 "Lz.Fa.73.06_19_18" 105 57 266.76 305.613 142.358545219321 659.099850675409 303.953926018212 248.912363762599 135.358545219321 666.099850675409 533.587768687374 533.366220364354 532.117983929535 403.47904141886 404.024915305343 403.751978362102 266.76 305.613 286.1865 428.17389742173 428.66197796128 428.417937691505 265.867 304.738 285.3025 1 1 36 1 NA 1 -4 4
"569" "c9.l8" 8 9 "Lz.Fa.73.06_19_18" 111 57 305.613 344.466 145.885105561376 659.099850675409 320.302866666667 320.302866666667 138.885105561376 666.099850675409 527.214745114033 532.117983929535 528.526789282866 404.024915305343 405.738281470295 404.881598387819 305.613 344.466 325.0395 428.66197796128 430.209071814092 429.435524887686 304.738 343.609 324.1735 0 1 36 0 NA 1 -5 5
"78" "c11.l10" 10 11 "Lz.Fa.73.06_19_18" 122 57 381.741 420.641 167.794219598338 659.099850675409 398.3641 398.3641 160.794219598338 666.099850675409 505.305631077071 508.731151364845 512.177232159253 473.103866732348 471.706936697046 472.405401714697 381.741 420.641 401.191 515.175932950221 514.063993796616 514.619963373419 363.239 402.776 383.0075 0 1 110 0 NA 3 1 3
"79" "c11.l11" 11 11 "Lz.Fa.73.06_19_18" 129 57 420.641 459.541 162.130189499412 659.099850675409 437.394866666667 437.394866666667 155.130189499412 666.099850675409 510.969661175997 512.177232159253 512.107375782963 471.706936697046 471.663758470862 471.685347583954 420.641 459.541 440.091 514.063993796616 514.015038448113 514.039516122364 402.776 442.314 422.545 1 1 110 1 NA 3 0 3
"80" "c11.l12" 12 11 "Lz.Fa.73.06_19_18" 136 57 459.541 498.441 167.687728536958 659.099850675409 476.425666666667 476.425666666667 160.687728536958 666.099850675409 505.412122138451 512.107375782963 520.99805177999 471.663758470862 468.182065334809 469.922911902835 459.541 498.441 478.991 514.015038448113 511.268604217014 512.641821332563 442.314 481.852 462.083 1 1 110 1 NA 3 -1 3
"81" "c11.l13" 13 11 "Lz.Fa.73.06_19_18" 150 57 498.441 537.341 153.153169529597 659.099850675409 515.456466666667 515.456466666667 146.153169529597 666.099850675409 519.946681145812 520.99805177999 534.482144914978 468.182065334809 462.942797240226 465.562431287517 498.441 537.341 517.891 511.268604217014 507.144470624694 509.206537420854 481.852 521.39 501.621 0 1 110 0 NA 3 -2 3
"114" "c11.l9" 9 11 "Lz.Fa.73.06_19_18" 117 57 342.842 381.741 165.657142073738 659.099850675409 359.333466666667 359.333466666667 158.657142073738 666.099850675409 507.442708601671 528.526789282866 508.731151364845 465.567514017115 473.103866732348 469.335690374732 342.842 381.741 362.2915 509.276679490808 515.175932950221 512.226306220515 323.701 363.239 343.47 1 1 110 2 NA 3 2 3
"116" "c12.l10" 10 12 "Lz.Fa.73.06_19_18" 122 57 363.239 402.776 167.794219598338 659.099850675409 398.3641 398.3641 160.794219598338 666.099850675409 505.305631077071 508.731151364845 512.177232159253 515.175932950221 514.063993796616 514.619963373419 363.239 402.776 383.0075 557.400618513503 556.574704065834 556.987661289669 355.299 395.059 375.179 0 1 110 0 NA 2 1 2
"117" "c12.l11" 11 12 "Lz.Fa.73.06_19_18" 129 57 402.776 442.314 162.130189499412 659.099850675409 437.394866666667 437.394866666667 155.130189499412 666.099850675409 510.969661175997 512.177232159253 512.107375782963 514.063993796616 514.015038448113 514.039516122364 402.776 442.314 422.545 556.574704065834 556.519950638099 556.547327351966 395.059 434.819 414.939 0 1 110 0 NA 2 0 2
"118" "c12.l12" 12 12 "Lz.Fa.73.06_19_18" 136 57 442.314 481.852 167.687728536958 659.099850675409 476.425666666667 476.425666666667 160.687728536958 666.099850675409 505.412122138451 512.107375782963 520.99805177999 514.015038448113 511.268604217014 512.641821332563 442.314 481.852 462.083 556.519950638099 554.511442514753 555.515696576426 434.819 474.579 454.699 0 1 110 0 NA 2 -1 2
"119" "c12.l13" 13 12 "Lz.Fa.73.06_19_18" 150 57 481.852 521.39 153.153169529597 659.099850675409 515.456466666667 515.456466666667 146.153169529597 666.099850675409 519.946681145812 520.99805177999 534.482144914978 511.268604217014 507.144470624694 509.206537420854 481.852 521.39 501.621 554.511442514753 551.506488652638 553.008965583695 474.579 514.339 494.459 0 1 110 0 NA 2 -2 2
"120" "c12.l14" 14 12 "Lz.Fa.73.06_19_18" 168 57 521.39 560.928 139.579383468278 659.099850675409 554.487133333333 554.487133333333 132.579383468278 666.099850675409 533.520467207131 534.482144914978 574.329871688715 507.144470624694 495.09834746454 501.121409044617 521.39 560.928 541.159 551.506488652638 542.767726814704 547.137107733671 514.339 554.099 534.219 0 1 110 0 NA 2 -3 3
"121" "c12.l15" 15 12 "Lz.Fa.73.06_19_18" 209 57 560.928 600.465 99.6079733850891 659.099850675409 593.5177 593.5177 92.6079733850891 666.099850675409 573.49187729032 574.329871688715 604.054248364721 495.09834746454 486.111301220406 490.604824342473 560.928 600.465 580.6965 542.767726814704 536.247803834677 539.50776532469 554.099 593.859 573.979 1 1 110 2 NA 2 -4 4
"150" "c12.l7" 7 12 "Lz.Fa.73.06_19_18" 105 57 244.625 284.163 142.358545219321 659.099850675409 303.953926018212 248.912363762599 135.358545219321 666.099850675409 533.587768687374 533.366220364354 532.117983929535 507.965483988237 508.266828357139 508.116156172688 244.625 284.163 264.394 552.234880278479 552.43262102329 552.333750650884 236.019 275.779 255.899 1 1 110 2 NA 2 4 4
"151" "c12.l8" 8 12 "Lz.Fa.73.06_19_18" 111 57 284.163 323.701 145.885105561376 659.099850675409 320.302866666667 320.302866666667 138.885105561376 666.099850675409 527.214745114033 532.117983929535 528.526789282866 508.266828357139 509.276679490808 508.771753923974 284.163 323.701 303.932 552.43262102329 553.144403001286 552.788512012288 275.779 315.539 295.659 1 1 110 1 NA 2 3 3
"152" "c12.l9" 9 12 "Lz.Fa.73.06_19_18" 117 57 323.701 363.239 165.657142073738 659.099850675409 359.333466666667 359.333466666667 158.657142073738 666.099850675409 507.442708601671 528.526789282866 508.731151364845 509.276679490808 515.175932950221 512.226306220515 323.701 363.239 343.47 553.144403001286 557.400618513503 555.272510757395 315.539 355.299 335.419 0 1 110 0 NA 2 2 2
"154" "c13.l10" 10 13 "Lz.Fa.73.06_19_18" 122 57 355.299 395.059 167.794219598338 659.099850675409 398.3641 398.3641 160.794219598338 666.099850675409 505.305631077071 508.731151364845 512.177232159253 557.400618513503 556.574704065834 556.987661289669 355.299 395.059 375.179 592.706560418223 592.119803977687 592.413182197955 358.994 398.63 378.812 0 1 110 0 NA 1 1 1
"155" "c13.l11" 11 13 "Lz.Fa.73.06_19_18" 129 57 395.059 434.819 162.130189499412 659.099850675409 437.394866666667 437.394866666667 155.130189499412 666.099850675409 510.969661175997 512.177232159253 512.107375782963 556.574704065834 556.519950638099 556.547327351966 395.059 434.819 414.939 592.119803977687 592.060202517436 592.090003247562 398.63 438.267 418.4485 0 1 110 0 NA 1 0 1
"156" "c13.l12" 12 13 "Lz.Fa.73.06_19_18" 136 57 434.819 474.579 167.687728536958 659.099850675409 476.425666666667 476.425666666667 160.687728536958 666.099850675409 505.412122138451 512.107375782963 520.99805177999 556.519950638099 554.511442514753 555.515696576426 434.819 474.579 454.699 592.060202517436 590.668707308284 591.36445491286 438.267 477.903 458.085 0 1 110 0 NA 1 -1 1
"157" "c13.l13" 13 13 "Lz.Fa.73.06_19_18" 150 57 474.579 514.339 153.153169529597 659.099850675409 515.456466666667 515.456466666667 146.153169529597 666.099850675409 519.946681145812 520.99805177999 534.482144914978 554.511442514753 551.506488652638 553.008965583695 474.579 514.339 494.459 590.668707308284 588.599549509737 589.634128409011 477.903 517.539 497.721 0 1 110 0 NA 1 -2 2
"158" "c13.l14" 14 13 "Lz.Fa.73.06_19_18" 168 57 514.339 554.099 139.579383468278 659.099850675409 554.487133333333 554.487133333333 132.579383468278 666.099850675409 533.520467207131 534.482144914978 574.329871688715 551.506488652638 542.767726814704 547.137107733671 514.339 554.099 534.219 588.599549509737 582.6262199099 585.612884709819 517.539 557.175 537.357 0 1 110 0 NA 1 -3 3
"159" "c13.l15" 15 13 "Lz.Fa.73.06_19_18" 209 57 554.099 593.859 99.6079733850891 659.099850675409 593.5177 593.5177 92.6079733850891 666.099850675409 573.49187729032 574.329871688715 604.054248364721 542.767726814704 536.247803834677 539.50776532469 554.099 593.859 573.979 582.6262199099 578.169168671189 580.397694290545 557.175 596.811 576.993 0 1 110 0 NA 1 -4 4
"188" "c13.l7" 7 13 "Lz.Fa.73.06_19_18" 105 57 236.019 275.779 142.358545219321 659.099850675409 303.953926018212 248.912363762599 135.358545219321 666.099850675409 533.587768687374 533.366220364354 532.117983929535 552.234880278479 552.43262102329 552.333750650884 236.019 275.779 255.899 589.250495971765 589.361609108 589.306052539882 240.085 279.722 259.9035 1 1 110 1 NA 1 4 4
"189" "c13.l8" 8 13 "Lz.Fa.73.06_19_18" 111 57 275.779 315.539 145.885105561376 659.099850675409 320.302866666667 320.302866666667 138.885105561376 666.099850675409 527.214745114033 532.117983929535 528.526789282866 552.43262102329 553.144403001286 552.788512012288 275.779 315.539 295.659 589.361609108 589.824162177517 589.592885642759 279.722 319.358 299.54 0 1 110 0 NA 1 3 3
"190" "c13.l9" 9 13 "Lz.Fa.73.06_19_18" 117 57 315.539 355.299 165.657142073738 659.099850675409 359.333466666667 359.333466666667 158.657142073738 666.099850675409 507.442708601671 528.526789282866 508.731151364845 553.144403001286 557.400618513503 555.272510757395 315.539 355.299 335.419 589.824162177517 592.706560418223 591.26536129787 319.358 358.994 339.176 0 1 110 0 NA 1 2 2
"192" "c14.l10" 10 14 "Lz.Fa.73.06_19_18" 122 57 358.994 398.63 167.794219598338 659.099850675409 398.3641 398.3641 160.794219598338 666.099850675409 505.305631077071 508.731151364845 512.177232159253 592.706560418223 592.119803977687 592.413182197955 358.994 398.63 378.812 627.300278711033 626.947855764516 627.124067237774 351.828 391.475 371.6515 0 1 110 0 NA 0 1 1
"193" "c14.l11" 11 14 "Lz.Fa.73.06_19_18" 129 57 398.63 438.267 162.130189499412 659.099850675409 437.394866666667 437.394866666667 155.130189499412 666.099850675409 510.969661175997 512.177232159253 512.107375782963 592.119803977687 592.060202517436 592.090003247562 398.63 438.267 418.4485 626.947855764516 626.883504070678 626.915679917597 391.475 431.122 411.2985 0 1 110 0 1 0 0 0
"194" "c14.l12" 12 14 "Lz.Fa.73.06_19_18" 136 57 438.267 477.903 167.687728536958 659.099850675409 476.425666666667 476.425666666667 160.687728536958 666.099850675409 505.412122138451 512.107375782963 520.99805177999 592.060202517436 590.668707308284 591.36445491286 438.267 477.903 458.085 626.883504070678 626.096574829323 626.490039450001 431.122 470.77 450.946 0 1 110 0 NA 0 -1 1
"195" "c14.l13" 13 14 "Lz.Fa.73.06_19_18" 150 57 477.903 517.539 153.153169529597 659.099850675409 515.456466666667 515.456466666667 146.153169529597 666.099850675409 519.946681145812 520.99805177999 534.482144914978 590.668707308284 588.599549509737 589.634128409011 477.903 517.539 497.721 626.096574829323 624.944335363955 625.520455096639 470.77 510.418 490.594 0 1 110 0 NA 0 -2 2
"196" "c14.l14" 14 14 "Lz.Fa.73.06_19_18" 168 57 517.539 557.175 139.579383468278 659.099850675409 554.487133333333 554.487133333333 132.579383468278 666.099850675409 533.520467207131 534.482144914978 574.329871688715 588.599549509737 582.6262199099 585.612884709819 517.539 557.175 537.357 624.944335363955 621.680651184733 623.312493274344 510.418 550.065 530.2415 0 1 110 0 NA 0 -3 3
"197" "c14.l15" 15 14 "Lz.Fa.73.06_19_18" 209 57 557.175 596.811 99.6079733850891 659.099850675409 593.5177 593.5177 92.6079733850891 666.099850675409 573.49187729032 574.329871688715 604.054248364721 582.6262199099 578.169168671189 580.397694290545 557.175 596.811 576.993 621.680651184733 619.24485755999 620.462754372362 550.065 589.712 569.8885 0 1 110 0 NA 0 -4 4
"226" "c14.l7" 7 14 "Lz.Fa.73.06_19_18" 105 57 240.085 279.722 142.358545219321 659.099850675409 303.953926018212 248.912363762599 135.358545219321 666.099850675409 533.587768687374 533.366220364354 532.117983929535 589.250495971765 589.361609108 589.306052539882 240.085 279.722 259.9035 625.519398956541 625.545632015208 625.532515485875 232.885 272.533 252.709 0 1 110 0 NA 0 4 4
"227" "c14.l8" 8 14 "Lz.Fa.73.06_19_18" 111 57 279.722 319.358 145.885105561376 659.099850675409 320.302866666667 320.302866666667 138.885105561376 666.099850675409 527.214745114033 532.117983929535 528.526789282866 589.361609108 589.824162177517 589.592885642759 279.722 319.358 299.54 625.545632015208 625.763983848752 625.65480793198 272.533 312.18 292.3565 0 1 110 0 NA 0 3 3
"228" "c14.l9" 9 14 "Lz.Fa.73.06_19_18" 117 57 319.358 358.994 165.657142073738 659.099850675409 359.333466666667 359.333466666667 158.657142073738 666.099850675409 507.442708601671 528.526789282866 508.731151364845 589.824162177517 592.706560418223 591.26536129787 319.358 358.994 339.176 625.763983848752 627.300278711033 626.532131279892 312.18 351.828 332.004 0 1 110 0 NA 0 2 2
"230" "c15.l10" 10 15 "Lz.Fa.73.06_19_18" 122 57 351.828 391.475 167.794219598338 659.099850675409 398.3641 398.3641 160.794219598338 666.099850675409 505.305631077071 508.731151364845 512.177232159253 627.300278711033 626.947855764516 627.124067237774 351.828 391.475 371.6515 666.099850675409 666.099850675409 666.099850675409 351.828 391.475 371.6515 0 1 110 0 NA -1 1 1
"231" "c15.l11" 11 15 "Lz.Fa.73.06_19_18" 129 57 391.475 431.122 162.130189499412 659.099850675409 437.394866666667 437.394866666667 155.130189499412 666.099850675409 510.969661175997 512.177232159253 512.107375782963 626.947855764516 626.883504070678 626.915679917597 391.475 431.122 411.2985 666.099850675409 666.099850675409 666.099850675409 391.475 431.122 411.2985 0 1 110 0 NA -1 0 1
"232" "c15.l12" 12 15 "Lz.Fa.73.06_19_18" 136 57 431.122 470.77 167.687728536958 659.099850675409 476.425666666667 476.425666666667 160.687728536958 666.099850675409 505.412122138451 512.107375782963 520.99805177999 626.883504070678 626.096574829323 626.490039450001 431.122 470.77 450.946 666.099850675409 666.099850675409 666.099850675409 431.122 470.77 450.946 0 1 110 0 NA -1 -1 1
"233" "c15.l13" 13 15 "Lz.Fa.73.06_19_18" 150 57 470.77 510.418 153.153169529597 659.099850675409 515.456466666667 515.456466666667 146.153169529597 666.099850675409 519.946681145812 520.99805177999 534.482144914978 626.096574829323 624.944335363955 625.520455096639 470.77 510.418 490.594 666.099850675409 666.099850675409 666.099850675409 470.77 510.418 490.594 0 1 110 0 NA -1 -2 2
"234" "c15.l14" 14 15 "Lz.Fa.73.06_19_18" 168 57 510.418 550.065 139.579383468278 659.099850675409 554.487133333333 554.487133333333 132.579383468278 666.099850675409 533.520467207131 534.482144914978 574.329871688715 624.944335363955 621.680651184733 623.312493274344 510.418 550.065 530.2415 666.099850675409 666.099850675409 666.099850675409 510.418 550.065 530.2415 0 1 110 0 NA -1 -3 3
"235" "c15.l15" 15 15 "Lz.Fa.73.06_19_18" 209 57 550.065 589.712 99.6079733850891 659.099850675409 593.5177 593.5177 92.6079733850891 666.099850675409 573.49187729032 574.329871688715 604.054248364721 621.680651184733 619.24485755999 620.462754372362 550.065 589.712 569.8885 666.099850675409 666.099850675409 666.099850675409 550.065 589.712 569.8885 0 1 110 0 NA -1 -4 4
"264" "c15.l7" 7 15 "Lz.Fa.73.06_19_18" 105 57 232.885 272.533 142.358545219321 659.099850675409 303.953926018212 248.912363762599 135.358545219321 666.099850675409 533.587768687374 533.366220364354 532.117983929535 625.519398956541 625.545632015208 625.532515485875 232.885 272.533 252.709 666.099850675409 666.099850675409 666.099850675409 232.885 272.533 248.912363762599 1 1 110 1 NA -1 4 4
"265" "c15.l8" 8 15 "Lz.Fa.73.06_19_18" 111 57 272.533 312.18 145.885105561376 659.099850675409 320.302866666667 320.302866666667 138.885105561376 666.099850675409 527.214745114033 532.117983929535 528.526789282866 625.545632015208 625.763983848752 625.65480793198 272.533 312.18 292.3565 666.099850675409 666.099850675409 666.099850675409 272.533 312.18 292.3565 0 1 110 0 NA -1 3 3
"266" "c15.l9" 9 15 "Lz.Fa.73.06_19_18" 117 57 312.18 351.828 165.657142073738 659.099850675409 359.333466666667 359.333466666667 158.657142073738 666.099850675409 507.442708601671 528.526789282866 508.731151364845 625.763983848752 627.300278711033 626.532131279892 312.18 351.828 332.004 666.099850675409 666.099850675409 666.099850675409 312.18 351.828 332.004 0 1 110 0 NA -1 2 2
"40" "c10.l10" 10 10 "Lz.Fa.73.06_19_18" 122 57 382.479 421.35 167.794219598338 659.099850675409 398.3641 398.3641 160.794219598338 666.099850675409 505.305631077071 508.731151364845 512.177232159253 439.06975270604 437.442279865592 438.256016285816 382.479 421.35 401.9145 473.103866732348 471.706936697046 472.405401714697 381.741 420.641 401.191 0 1 124 0 NA -2 1 2
"41" "c10.l11" 11 10 "Lz.Fa.73.06_19_18" 129 57 421.35 460.221 162.130189499412 659.099850675409 437.394866666667 437.394866666667 155.130189499412 666.099850675409 510.969661175997 512.177232159253 512.107375782963 437.442279865592 437.403775030981 437.423027448287 421.35 460.221 440.7855 471.706936697046 471.663758470862 471.685347583954 420.641 459.541 440.091 0 1 124 0 NA -2 0 2
"42" "c10.l12" 12 10 "Lz.Fa.73.06_19_18" 136 57 460.221 499.091 167.687728536958 659.099850675409 476.425666666667 476.425666666667 160.687728536958 666.099850675409 505.412122138451 512.107375782963 520.99805177999 437.403775030981 433.327295670727 435.365535350854 460.221 499.091 479.656 471.663758470862 468.182065334809 469.922911902835 459.541 498.441 478.991 0 1 124 0 NA -2 -1 2
"43" "c10.l13" 13 10 "Lz.Fa.73.06_19_18" 150 57 499.091 537.962 153.153169529597 659.099850675409 515.456466666667 515.456466666667 146.153169529597 666.099850675409 519.946681145812 520.99805177999 534.482144914978 433.327295670727 427.185941745414 430.256618708071 499.091 537.962 518.5265 468.182065334809 462.942797240226 465.562431287517 498.441 537.341 517.891 0 1 124 0 NA -2 -2 2
"44" "c10.l14" 14 10 "Lz.Fa.73.06_19_18" 168 57 537.962 576.833 139.579383468278 659.099850675409 554.487133333333 554.487133333333 132.579383468278 666.099850675409 533.520467207131 534.482144914978 574.329871688715 427.185941745414 409.178598659909 418.182270202661 537.962 576.833 557.3975 462.942797240226 447.601267075884 455.272032158055 537.341 576.24 556.7905 0 1 124 0 NA -2 -3 3
"45" "c10.l15" 15 10 "Lz.Fa.73.06_19_18" 209 57 576.833 615.703 99.6079733850891 659.099850675409 593.5177 593.5177 92.6079733850891 666.099850675409 573.49187729032 574.329871688715 604.054248364721 409.178598659909 395.744785665043 402.461692162476 576.833 615.703 596.268 447.601267075884 436.156014880643 441.878640978263 576.24 615.14 595.69 0 1 124 0 NA -2 -4 4
"751" "c10.l8" 8 10 "Lz.Fa.73.06_19_18" 111 57 304.738 343.609 145.885105561376 659.099850675409 320.302866666667 320.302866666667 138.885105561376 666.099850675409 527.214745114033 532.117983929535 528.526789282866 428.66197796128 430.209071814092 429.435524887686 304.738 343.609 324.1735 464.260671086166 465.567514017115 464.914092551641 303.942 342.842 323.392 0 1 124 0 NA -2 3 3
"76" "c10.l9" 9 10 "Lz.Fa.73.06_19_18" 117 57 343.609 382.479 165.657142073738 659.099850675409 359.333466666667 359.333466666667 158.657142073738 666.099850675409 507.442708601671 528.526789282866 508.731151364845 430.209071814092 439.06975270604 434.639412260066 343.609 382.479 363.044 465.567514017115 473.103866732348 469.335690374732 342.842 381.741 362.2915 0 1 124 0 NA -2 2 2
"304" "c2.l9" 9 2 "Lz.Fa.73.06_19_18" 117 57 350.391 389.11 165.657142073738 659.099850675409 359.333466666667 359.333466666667 158.657142073738 666.099850675409 507.442708601671 528.526789282866 508.731151364845 164.730065557308 183.534095375479 174.132080466394 350.391 389.11 369.7505 192.213458600017 209.988115246451 201.100786923234 352.675 391.332 372.0035 1 1 124 1 NA 6 2 6
"306" "c3.l10" 10 3 "Lz.Fa.73.06_19_18" 122 57 391.332 429.99 167.794219598338 659.099850675409 398.3641 398.3641 160.794219598338 666.099850675409 505.305631077071 508.731151364845 512.177232159253 209.988115246451 206.808872224281 208.398493735366 391.332 429.99 410.661 238.426186607746 235.439579501983 236.932883054864 393.007 431.739 412.373 1 1 124 1 NA 5 1 5
"307" "c3.l11" 11 3 "Lz.Fa.73.06_19_18" 129 57 429.99 468.647 162.130189499412 659.099850675409 437.394866666667 437.394866666667 155.130189499412 666.099850675409 510.969661175997 512.177232159253 512.107375782963 206.808872224281 206.801823715913 206.805347970097 429.99 468.647 449.3185 235.439579501983 235.428626022181 235.434102762082 431.739 470.472 451.1055 0 1 124 0 NA 5 0 5
"308" "c3.l12" 12 3 "Lz.Fa.73.06_19_18" 136 57 468.647 507.305 167.687728536958 659.099850675409 476.425666666667 476.425666666667 160.687728536958 666.099850675409 505.412122138451 512.107375782963 520.99805177999 206.801823715913 198.721872954198 202.761848335055 468.647 507.305 487.976 235.428626022181 227.845664048699 231.63714503544 470.472 509.204 489.838 1 1 124 2 NA 5 -1 5
"342" "c3.l9" 9 3 "Lz.Fa.73.06_19_18" 117 57 352.675 391.332 165.657142073738 659.099850675409 359.333466666667 359.333466666667 158.657142073738 666.099850675409 507.442708601671 528.526789282866 508.731151364845 192.213458600017 209.988115246451 201.100786923234 352.675 391.332 372.0035 221.758106120929 238.426186607746 230.092146364338 354.274 393.007 373.6405 1 1 124 1 NA 5 2 5
"344" "c4.l10" 10 4 "Lz.Fa.73.06_19_18" 122 57 393.007 431.739 167.794219598338 659.099850675409 398.3641 398.3641 160.794219598338 666.099850675409 505.305631077071 508.731151364845 512.177232159253 238.426186607746 235.439579501983 236.932883054864 393.007 431.739 412.373 263.710124830578 260.894787940298 262.302456385438 388.042 426.975 407.5085 0 1 124 0 NA 4 1 4
"345" "c4.l11" 11 4 "Lz.Fa.73.06_19_18" 129 57 431.739 470.472 162.130189499412 659.099850675409 437.394866666667 437.394866666667 155.130189499412 666.099850675409 510.969661175997 512.177232159253 512.107375782963 235.439579501983 235.428626022181 235.434102762082 431.739 470.472 451.1055 260.894787940298 260.880362598594 260.887575269446 426.975 465.908 446.4415 0 1 124 0 NA 4 0 4
"346" "c4.l12" 12 4 "Lz.Fa.73.06_19_18" 136 57 470.472 509.204 167.687728536958 659.099850675409 476.425666666667 476.425666666667 160.687728536958 666.099850675409 505.412122138451 512.107375782963 520.99805177999 235.428626022181 227.845664048699 231.63714503544 470.472 509.204 489.838 260.880362598594 253.739267222165 257.309814910379 465.908 504.841 485.3745 0 1 124 0 NA 4 -1 4
"347" "c4.l13" 13 4 "Lz.Fa.73.06_19_18" 150 57 509.204 547.937 153.153169529597 659.099850675409 515.456466666667 515.456466666667 146.153169529597 666.099850675409 519.946681145812 520.99805177999 534.482144914978 227.845664048699 216.386183790947 222.115923919823 509.204 547.937 528.5705 253.739267222165 242.949946393221 248.344606807693 504.841 543.774 524.3075 1 1 124 1 NA 4 -2 4
"380" "c4.l9" 9 4 "Lz.Fa.73.06_19_18" 117 57 354.274 393.007 165.657142073738 659.099850675409 359.333466666667 359.333466666667 158.657142073738 666.099850675409 507.442708601671 528.526789282866 508.731151364845 221.758106120929 238.426186607746 230.092146364338 354.274 393.007 373.6405 248.025887548288 263.710124830578 255.868006189433 349.108 388.042 368.575 0 1 124 0 NA 4 2 4
"382" "c5.l10" 10 5 "Lz.Fa.73.06_19_18" 122 57 388.042 426.975 167.794219598338 659.099850675409 398.3641 398.3641 160.794219598338 666.099850675409 505.305631077071 508.731151364845 512.177232159253 263.710124830578 260.894787940298 262.302456385438 388.042 426.975 407.5085 285.483818108994 282.815973476714 284.149895792854 386.696 425.591 406.1435 0 1 124 0 NA 3 1 3
"383" "c5.l11" 11 5 "Lz.Fa.73.06_19_18" 129 57 426.975 465.908 162.130189499412 659.099850675409 437.394866666667 437.394866666667 155.130189499412 666.099850675409 510.969661175997 512.177232159253 512.107375782963 260.894787940298 260.880362598594 260.887575269446 426.975 465.908 446.4415 282.815973476714 282.798558282105 282.807265879409 425.591 464.486 445.0385 0 1 124 0 NA 3 0 3
"384" "c5.l12" 12 5 "Lz.Fa.73.06_19_18" 136 57 465.908 504.841 167.687728536958 659.099850675409 476.425666666667 476.425666666667 160.687728536958 666.099850675409 505.412122138451 512.107375782963 520.99805177999 260.880362598594 253.739267222165 257.309814910379 465.908 504.841 485.3745 282.798558282105 276.037983838348 279.418271060227 464.486 503.381 483.9335 0 1 124 0 NA 3 -1 3
"385" "c5.l13" 13 5 "Lz.Fa.73.06_19_18" 150 57 504.841 543.774 153.153169529597 659.099850675409 515.456466666667 515.456466666667 146.153169529597 666.099850675409 519.946681145812 520.99805177999 534.482144914978 253.739267222165 242.949946393221 248.344606807693 504.841 543.774 524.3075 276.037983838348 265.825782195582 270.931883016965 503.381 542.276 522.8285 0 1 124 0 NA 3 -2 3
"418" "c5.l9" 9 5 "Lz.Fa.73.06_19_18" 117 57 349.108 388.042 165.657142073738 659.099850675409 359.333466666667 359.333466666667 158.657142073738 666.099850675409 507.442708601671 528.526789282866 508.731151364845 248.025887548288 263.710124830578 255.868006189433 349.108 388.042 368.575 270.646834129594 285.483818108994 278.065326119294 347.802 386.696 367.249 0 1 124 0 NA 3 2 3
"420" "c6.l10" 10 6 "Lz.Fa.73.06_19_18" 122 57 386.696 425.591 167.794219598338 659.099850675409 398.3641 398.3641 160.794219598338 666.099850675409 505.305631077071 508.731151364845 512.177232159253 285.483818108994 282.815973476714 284.149895792854 386.696 425.591 406.1435 311.022121907509 308.527270531108 309.774696219309 385.148 423.982 404.565 0 1 124 0 NA 2 1 2
"421" "c6.l11" 11 6 "Lz.Fa.73.06_19_18" 129 57 425.591 464.486 162.130189499412 659.099850675409 437.394866666667 437.394866666667 155.130189499412 666.099850675409 510.969661175997 512.177232159253 512.107375782963 282.815973476714 282.798558282105 282.807265879409 425.591 464.486 445.0385 308.527270531108 308.50634854641 308.516809538759 423.982 462.816 443.399 0 1 124 0 NA 2 0 2
"422" "c6.l12" 12 6 "Lz.Fa.73.06_19_18" 136 57 464.486 503.381 167.687728536958 659.099850675409 476.425666666667 476.425666666667 160.687728536958 666.099850675409 505.412122138451 512.107375782963 520.99805177999 282.798558282105 276.037983838348 279.418271060227 464.486 503.381 483.9335 308.50634854641 302.192086037704 305.349217292057 462.816 501.65 482.233 0 1 124 0 NA 2 -1 2
"423" "c6.l13" 13 6 "Lz.Fa.73.06_19_18" 150 57 503.381 542.276 153.153169529597 659.099850675409 515.456466666667 515.456466666667 146.153169529597 666.099850675409 519.946681145812 520.99805177999 534.482144914978 276.037983838348 265.825782195582 270.931883016965 503.381 542.276 522.8285 302.192086037704 292.656785870314 297.424435954009 501.65 540.484 521.067 0 1 124 0 NA 2 -2 2
"424" "c6.l14" 14 6 "Lz.Fa.73.06_19_18" 168 57 542.276 581.17 139.579383468278 659.099850675409 554.487133333333 554.487133333333 132.579383468278 666.099850675409 533.520467207131 534.482144914978 574.329871688715 265.825782195582 235.788410397086 250.807096296334 542.276 581.17 561.723 292.656785870314 264.619769955859 278.638277913086 540.484 579.318 559.901 0 1 124 0 NA 2 -3 3
"456" "c6.l9" 9 6 "Lz.Fa.73.06_19_18" 117 57 347.802 386.696 165.657142073738 659.099850675409 359.333466666667 359.333466666667 158.657142073738 666.099850675409 507.442708601671 528.526789282866 508.731151364845 270.646834129594 285.483818108994 278.065326119294 347.802 386.696 367.249 297.178878951594 311.022121907509 304.100500429552 346.315 385.148 365.7315 0 1 124 0 NA 2 2 2
"458" "c7.l10" 10 7 "Lz.Fa.73.06_19_18" 122 57 385.148 423.982 167.794219598338 659.099850675409 398.3641 398.3641 160.794219598338 666.099850675409 505.305631077071 508.731151364845 512.177232159253 311.022121907509 308.527270531108 309.774696219309 385.148 423.982 404.565 365.507228218684 363.381452095364 364.444340157024 384.486 423.358 403.922 0 1 124 0 NA 1 1 1
"459" "c7.l11" 11 7 "Lz.Fa.73.06_19_18" 129 57 423.982 462.816 162.130189499412 659.099850675409 437.394866666667 437.394866666667 155.130189499412 666.099850675409 510.969661175997 512.177232159253 512.107375782963 308.527270531108 308.50634854641 308.516809538759 423.982 462.816 443.399 363.381452095364 363.353048492765 363.367250294065 423.358 462.229 442.7935 0 1 124 0 NA 1 0 1
"460" "c7.l12" 12 7 "Lz.Fa.73.06_19_18" 136 57 462.816 501.65 167.687728536958 659.099850675409 476.425666666667 476.425666666667 160.687728536958 666.099850675409 505.412122138451 512.107375782963 520.99805177999 308.50634854641 302.192086037704 305.349217292057 462.816 501.65 482.233 363.353048492765 357.990977383341 360.672012938053 462.229 501.101 481.665 0 1 124 0 NA 1 -1 1
"461" "c7.l13" 13 7 "Lz.Fa.73.06_19_18" 150 57 501.65 540.484 153.153169529597 659.099850675409 515.456466666667 515.456466666667 146.153169529597 666.099850675409 519.946681145812 520.99805177999 534.482144914978 302.192086037704 292.656785870314 297.424435954009 501.65 540.484 521.067 357.990977383341 349.899823590708 353.945400487024 501.101 539.972 520.5365 0 1 124 0 NA 1 -2 2
"462" "c7.l14" 14 7 "Lz.Fa.73.06_19_18" 168 57 540.484 579.318 139.579383468278 659.099850675409 554.487133333333 554.487133333333 132.579383468278 666.099850675409 533.520467207131 534.482144914978 574.329871688715 292.656785870314 264.619769955859 278.638277913086 540.484 579.318 559.901 349.899823590708 326.13049921372 338.015161402214 539.972 578.844 559.408 0 1 124 0 NA 1 -3 3
"463" "c7.l15" 15 7 "Lz.Fa.73.06_19_18" 209 57 579.318 618.152 99.6079733850891 659.099850675409 593.5177 593.5177 92.6079733850891 666.099850675409 573.49187729032 574.329871688715 604.054248364721 264.619769955859 243.704331351643 254.162050653751 579.318 618.152 598.735 326.13049921372 308.398541351505 317.264520282613 578.844 617.715 598.2795 1 1 124 2 NA 1 -4 4
"493" "c7.l8" 8 7 "Lz.Fa.73.06_19_18" 111 57 307.481 346.315 145.885105561376 659.099850675409 320.302866666667 320.302866666667 138.885105561376 666.099850675409 527.214745114033 532.117983929535 528.526789282866 294.727881406217 297.178878951594 295.953380178905 307.481 346.315 326.898 351.71771748507 353.784098083789 352.75090778443 306.744 345.615 326.1795 1 1 124 1 NA 1 3 3
"494" "c7.l9" 9 7 "Lz.Fa.73.06_19_18" 117 57 346.315 385.148 165.657142073738 659.099850675409 359.333466666667 359.333466666667 158.657142073738 666.099850675409 507.442708601671 528.526789282866 508.731151364845 297.178878951594 311.022121907509 304.100500429552 346.315 385.148 365.7315 353.784098083789 365.507228218684 359.645663151236 345.615 384.486 365.0505 0 1 124 0 NA 1 2 2
"496" "c8.l10" 10 8 "Lz.Fa.73.06_19_18" 122 57 384.486 423.358 167.794219598338 659.099850675409 398.3641 398.3641 160.794219598338 666.099850675409 505.305631077071 508.731151364845 512.177232159253 365.507228218684 363.381452095364 364.444340157024 384.486 423.358 403.922 415.515500397848 413.728474016619 414.621987207233 383.318 422.171 402.7445 0 1 124 0 NA 0 1 1
"497" "c8.l11" 11 8 "Lz.Fa.73.06_19_18" 129 57 423.358 462.229 162.130189499412 659.099850675409 437.394866666667 437.394866666667 155.130189499412 666.099850675409 510.969661175997 512.177232159253 512.107375782963 363.381452095364 363.353048492765 363.367250294065 423.358 462.229 442.7935 413.728474016619 413.69320353223 413.710838774424 422.171 461.024 441.5975 0 1 124 0 1 0 0 0
"498" "c8.l12" 12 8 "Lz.Fa.73.06_19_18" 136 57 462.229 501.101 167.687728536958 659.099850675409 476.425666666667 476.425666666667 160.687728536958 666.099850675409 505.412122138451 512.107375782963 520.99805177999 363.353048492765 357.990977383341 360.672012938053 462.229 501.101 481.665 413.69320353223 409.205085873314 411.449144702772 461.024 499.877 480.4505 0 1 124 0 NA 0 -1 1
"499" "c8.l13" 13 8 "Lz.Fa.73.06_19_18" 150 57 501.101 539.972 153.153169529597 659.099850675409 515.456466666667 515.456466666667 146.153169529597 666.099850675409 519.946681145812 520.99805177999 534.482144914978 357.990977383341 349.899823590708 353.945400487024 501.101 539.972 520.5365 409.205085873314 402.43941843585 405.822252154582 499.877 538.73 519.3035 0 1 124 0 NA 0 -2 2
"500" "c8.l14" 14 8 "Lz.Fa.73.06_19_18" 168 57 539.972 578.844 139.579383468278 659.099850675409 554.487133333333 554.487133333333 132.579383468278 666.099850675409 533.520467207131 534.482144914978 574.329871688715 349.899823590708 326.13049921372 338.015161402214 539.972 578.844 559.408 402.43941843585 382.587125600721 392.513272018286 538.73 577.582 558.156 0 1 124 0 NA 0 -3 3
"501" "c8.l15" 15 8 "Lz.Fa.73.06_19_18" 209 57 578.844 617.715 99.6079733850891 659.099850675409 593.5177 593.5177 92.6079733850891 666.099850675409 573.49187729032 574.329871688715 604.054248364721 326.13049921372 308.398541351505 317.264520282613 578.844 617.715 598.2795 382.587125600721 367.777073965757 375.182099783239 577.582 616.435 597.0085 0 1 124 0 NA 0 -4 4
"530" "c8.l7" 7 8 "Lz.Fa.73.06_19_18" 105 57 267.872 306.744 142.358545219321 659.099850675409 303.953926018212 248.912363762599 135.358545219321 666.099850675409 533.587768687374 533.366220364354 532.117983929535 351.049141957044 351.71771748507 351.383429721057 267.872 306.744 287.308 403.47904141886 404.024915305343 403.751978362102 266.76 305.613 286.1865 1 1 124 1 NA 0 4 4
"531" "c8.l8" 8 8 "Lz.Fa.73.06_19_18" 111 57 306.744 345.615 145.885105561376 659.099850675409 320.302866666667 320.302866666667 138.885105561376 666.099850675409 527.214745114033 532.117983929535 528.526789282866 351.71771748507 353.784098083789 352.75090778443 306.744 345.615 326.1795 404.024915305343 405.738281470295 404.881598387819 305.613 344.466 325.0395 0 1 124 0 NA 0 3 3
"532" "c8.l9" 9 8 "Lz.Fa.73.06_19_18" 117 57 345.615 384.486 165.657142073738 659.099850675409 359.333466666667 359.333466666667 158.657142073738 666.099850675409 507.442708601671 528.526789282866 508.731151364845 353.784098083789 365.507228218684 359.645663151236 345.615 384.486 365.0505 405.738281470295 415.515500397848 410.626890934072 344.466 383.318 363.892 0 1 124 0 NA 0 2 2
"534" "c9.l10" 10 9 "Lz.Fa.73.06_19_18" 122 57 383.318 422.171 167.794219598338 659.099850675409 398.3641 398.3641 160.794219598338 666.099850675409 505.305631077071 508.731151364845 512.177232159253 415.515500397848 413.728474016619 414.621987207233 383.318 422.171 402.7445 439.06975270604 437.442279865592 438.256016285816 382.479 421.35 401.9145 0 1 124 0 NA -1 1 1
"535" "c9.l11" 11 9 "Lz.Fa.73.06_19_18" 129 57 422.171 461.024 162.130189499412 659.099850675409 437.394866666667 437.394866666667 155.130189499412 666.099850675409 510.969661175997 512.177232159253 512.107375782963 413.728474016619 413.69320353223 413.710838774424 422.171 461.024 441.5975 437.442279865592 437.403775030981 437.423027448287 421.35 460.221 440.7855 0 1 124 0 NA -1 0 1
"536" "c9.l12" 12 9 "Lz.Fa.73.06_19_18" 136 57 461.024 499.877 167.687728536958 659.099850675409 476.425666666667 476.425666666667 160.687728536958 666.099850675409 505.412122138451 512.107375782963 520.99805177999 413.69320353223 409.205085873314 411.449144702772 461.024 499.877 480.4505 437.403775030981 433.327295670727 435.365535350854 460.221 499.091 479.656 0 1 124 0 NA -1 -1 1
"537" "c9.l13" 13 9 "Lz.Fa.73.06_19_18" 150 57 499.877 538.73 153.153169529597 659.099850675409 515.456466666667 515.456466666667 146.153169529597 666.099850675409 519.946681145812 520.99805177999 534.482144914978 409.205085873314 402.43941843585 405.822252154582 499.877 538.73 519.3035 433.327295670727 427.185941745414 430.256618708071 499.091 537.962 518.5265 0 1 124 0 NA -1 -2 2
"538" "c9.l14" 14 9 "Lz.Fa.73.06_19_18" 168 57 538.73 577.582 139.579383468278 659.099850675409 554.487133333333 554.487133333333 132.579383468278 666.099850675409 533.520467207131 534.482144914978 574.329871688715 402.43941843585 382.587125600721 392.513272018286 538.73 577.582 558.156 427.185941745414 409.178598659909 418.182270202661 537.962 576.833 557.3975 0 1 124 0 NA -1 -3 3
"539" "c9.l15" 15 9 "Lz.Fa.73.06_19_18" 209 57 577.582 616.435 99.6079733850891 659.099850675409 593.5177 593.5177 92.6079733850891 666.099850675409 573.49187729032 574.329871688715 604.054248364721 382.587125600721 367.777073965757 375.182099783239 577.582 616.435 597.0085 409.178598659909 395.744785665043 402.461692162476 576.833 615.703 596.268 0 1 124 0 NA -1 -4 4
"5681" "c9.l7" 7 9 "Lz.Fa.73.06_19_18" 105 57 266.76 305.613 142.358545219321 659.099850675409 303.953926018212 248.912363762599 135.358545219321 666.099850675409 533.587768687374 533.366220364354 532.117983929535 403.47904141886 404.024915305343 403.751978362102 266.76 305.613 286.1865 428.17389742173 428.66197796128 428.417937691505 265.867 304.738 285.3025 1 1 124 1 NA -1 4 4
"5691" "c9.l8" 8 9 "Lz.Fa.73.06_19_18" 111 57 305.613 344.466 145.885105561376 659.099850675409 320.302866666667 320.302866666667 138.885105561376 666.099850675409 527.214745114033 532.117983929535 528.526789282866 404.024915305343 405.738281470295 404.881598387819 305.613 344.466 325.0395 428.66197796128 430.209071814092 429.435524887686 304.738 343.609 324.1735 0 1 124 0 NA -1 3 3
"570" "c9.l9" 9 9 "Lz.Fa.73.06_19_18" 117 57 344.466 383.318 165.657142073738 659.099850675409 359.333466666667 359.333466666667 158.657142073738 666.099850675409 507.442708601671 528.526789282866 508.731151364845 405.738281470295 415.515500397848 410.626890934072 344.466 383.318 363.892 430.209071814092 439.06975270604 434.639412260066 343.609 382.479 363.044 0 1 124 0 NA -1 2 2
"10" "c1.l18" 18 1 "Lz.Fa.73.06_19_18" 272 187 696.92 735.533 45.2090837043245 575.202936992375 723.011157374916 679.512794717402 38.2090837043245 582.202936992375 545.730171393396 573.346935688689 545.939079477269 38.2090837043245 36.9258958321154 36.9258958321154 696.92 735.533 723.011157374916 66.2457488595014 63.6223168185538 64.9340328390276 698.865 737.585 718.225 1 1 259 1 NA 5 0 5
"274" "c2.l16" 16 2 "Lz.Fa.73.06_19_18" 225 57 621.427 660.146 69.7900839664094 621.021422176515 632.548433333333 632.548433333333 62.7900839664094 628.021422176515 565.231338210106 604.054248364721 581.876779395746 92.3283367114442 75.3188360733704 83.8235863924073 621.427 660.146 640.7865 123.73915762641 105.576428601949 114.657793114179 623.277 661.935 642.606 0 1 259 0 NA 4 2 4
"275" "c2.l17" 17 2 "Lz.Fa.73.06_19_18" 255 57 660.146 698.865 53.8650615609185 603.876202473692 690.842031612065 650.122438473323 46.8650615609185 610.876202473692 565.479135193433 581.876779395746 573.346935688689 75.3188360733704 66.2457488595014 70.7822924664359 660.146 698.865 679.5055 105.576428601949 96.0597895153132 100.818109058631 661.935 700.592 681.2635 0 1 259 0 NA 4 1 4
"276" "c2.l18" 18 2 "Lz.Fa.73.06_19_18" 272 187 698.865 737.585 45.2090837043245 575.202936992375 723.011157374916 679.512794717402 38.2090837043245 582.202936992375 545.730171393396 573.346935688689 545.939079477269 66.2457488595014 63.6223168185538 64.9340328390276 698.865 737.585 718.225 96.0597895153132 92.0111489513718 94.0354692333425 700.592 739.25 719.921 0 1 259 0 NA 4 0 4
"277" "c2.l19" 19 2 "Lz.Fa.73.06_19_18" 292 214 737.585 776.304 43.9258958321154 556.286162945351 749.640566666667 749.640566666667 36.9258958321154 563.286162945351 526.360267113236 545.939079477269 534.786842426027 63.6223168185538 55.275276454816 59.4487966366849 737.585 776.304 756.9445 92.0111489513718 83.0841922609694 87.5476706061706 739.25 777.907 758.5785 0 1 259 0 NA 4 -1 4
"279" "c2.l20" 20 2 "Lz.Fa.73.06_19_18" 323 237 776.304 815.023 36.1241998601833 543.033222881118 804.557030829914 782.541033499301 29.1241998601833 550.033222881118 521.37406379977 534.786842426027 521.499517127892 55.275276454816 54.6255262477372 54.9504013512766 776.304 815.023 795.6635 83.0841922609694 81.7435011383876 82.4138466996785 777.907 816.565 797.236 1 1 259 1 NA 4 -2 4
"311" "c3.l15" 15 3 "Lz.Fa.73.06_19_18" 209 57 584.62 623.277 99.6079733850891 659.099850675409 593.5177 593.5177 92.6079733850891 666.099850675409 573.49187729032 574.329871688715 604.054248364721 150.55785743848 123.73915762641 137.148507532445 584.62 623.277 603.9485 182.66289726588 157.505790109998 170.084343687939 586.669 625.401 606.035 0 1 259 0 NA 3 3 3
"312" "c3.l16" 16 3 "Lz.Fa.73.06_19_18" 225 57 623.277 661.935 69.7900839664094 621.021422176515 632.548433333333 632.548433333333 62.7900839664094 628.021422176515 565.231338210106 604.054248364721 581.876779395746 123.73915762641 105.576428601949 114.657793114179 623.277 661.935 642.606 157.505790109998 138.103340570171 147.804565340084 625.401 664.134 644.7675 0 1 259 0 NA 3 2 3
"313" "c3.l17" 17 3 "Lz.Fa.73.06_19_18" 255 57 661.935 700.592 53.8650615609185 603.876202473692 690.842031612065 650.122438473323 46.8650615609185 610.876202473692 565.479135193433 581.876779395746 573.346935688689 105.576428601949 96.0597895153132 100.818109058631 661.935 700.592 681.2635 138.103340570171 128.109883220311 133.106611895241 664.134 702.866 683.5 0 1 259 0 NA 3 1 3
"314" "c3.l18" 18 3 "Lz.Fa.73.06_19_18" 272 187 700.592 739.25 45.2090837043245 575.202936992375 723.011157374916 679.512794717402 38.2090837043245 582.202936992375 545.730171393396 573.346935688689 545.939079477269 96.0597895153132 92.0111489513718 94.0354692333425 700.592 739.25 719.921 128.109883220311 122.529143494151 125.319513357231 702.866 741.599 722.2325 0 1 259 0 NA 3 0 3
"315" "c3.l19" 19 3 "Lz.Fa.73.06_19_18" 292 214 739.25 777.907 43.9258958321154 556.286162945351 749.640566666667 749.640566666667 36.9258958321154 563.286162945351 526.360267113236 545.939079477269 534.786842426027 92.0111489513718 83.0841922609694 87.5476706061706 739.25 777.907 758.5785 122.529143494151 112.978776752584 117.753960123368 741.599 780.331 760.965 0 1 259 0 NA 3 -1 3
"317" "c3.l20" 20 3 "Lz.Fa.73.06_19_18" 323 237 777.907 816.565 36.1241998601833 543.033222881118 804.557030829914 782.541033499301 29.1241998601833 550.033222881118 521.37406379977 534.786842426027 521.499517127892 83.0841922609694 81.7435011383876 82.4138466996785 777.907 816.565 797.236 112.978776752584 110.895324145837 111.937050449211 780.331 819.064 799.6975 0 1 259 0 NA 3 -2 3
"318" "c3.l21" 21 3 "Lz.Fa.73.06_19_18" 323 256 816.565 855.222 36.1241998601833 540.04088289118 804.557030829914 791.411954640007 29.1241998601833 547.04088289118 518.083471643198 521.499517127892 518.462138191237 81.7435011383876 81.4370296036792 81.5902653710334 816.565 855.222 835.8935 110.895324145837 110.419063128569 110.657193637203 819.064 857.796 838.43 1 1 259 1 NA 3 -3 3
"349" "c4.l15" 15 4 "Lz.Fa.73.06_19_18" 209 57 586.669 625.401 99.6079733850891 659.099850675409 593.5177 593.5177 92.6079733850891 666.099850675409 573.49187729032 574.329871688715 604.054248364721 182.66289726588 157.505790109998 170.084343687939 586.669 625.401 606.035 211.207091888809 187.527286253724 199.367189071266 582.707 621.64 602.1735 0 1 259 0 NA 2 3 3
"350" "c4.l16" 16 4 "Lz.Fa.73.06_19_18" 225 57 625.401 664.134 69.7900839664094 621.021422176515 632.548433333333 632.548433333333 62.7900839664094 628.021422176515 565.231338210106 604.054248364721 581.876779395746 157.505790109998 138.103340570171 147.804565340084 625.401 664.134 644.7675 187.527286253724 167.02261650614 177.274951379932 621.64 660.573 641.1065 0 1 259 0 NA 2 2 2
"351" "c4.l17" 17 4 "Lz.Fa.73.06_19_18" 255 57 664.134 702.866 53.8650615609185 603.876202473692 690.842031612065 650.122438473323 46.8650615609185 610.876202473692 565.479135193433 581.876779395746 573.346935688689 138.103340570171 128.109883220311 133.106611895241 664.134 702.866 683.5 167.02261650614 156.605225924039 161.813921215089 660.573 699.507 680.04 0 1 259 0 NA 2 1 2
"352" "c4.l18" 18 4 "Lz.Fa.73.06_19_18" 272 187 702.866 741.599 45.2090837043245 575.202936992375 723.011157374916 679.512794717402 38.2090837043245 582.202936992375 545.730171393396 573.346935688689 545.939079477269 128.109883220311 122.529143494151 125.319513357231 702.866 741.599 722.2325 156.605225924039 149.662315744171 153.133770834105 699.507 738.44 718.9735 0 1 259 0 NA 2 0 2
"353" "c4.l19" 19 4 "Lz.Fa.73.06_19_18" 292 214 741.599 780.331 43.9258958321154 556.286162945351 749.640566666667 749.640566666667 36.9258958321154 563.286162945351 526.360267113236 545.939079477269 534.786842426027 122.529143494151 112.978776752584 117.753960123368 741.599 780.331 760.965 149.662315744171 139.557682821158 144.609999282665 738.44 777.373 757.9065 0 1 259 0 NA 2 -1 2
"355" "c4.l20" 20 4 "Lz.Fa.73.06_19_18" 323 237 780.331 819.064 36.1241998601833 543.033222881118 804.557030829914 782.541033499301 29.1241998601833 550.033222881118 521.37406379977 534.786842426027 521.499517127892 112.978776752584 110.895324145837 111.937050449211 780.331 819.064 799.6975 139.557682821158 136.813850147093 138.185766484125 777.373 816.306 796.8395 0 1 259 0 NA 2 -2 2
"356" "c4.l21" 21 4 "Lz.Fa.73.06_19_18" 323 256 819.064 857.796 36.1241998601833 540.04088289118 804.557030829914 791.411954640007 29.1241998601833 547.04088289118 518.083471643198 521.499517127892 518.462138191237 110.895324145837 110.419063128569 110.657193637203 819.064 857.796 838.43 136.813850147093 136.186631396674 136.500240771883 816.306 855.239 835.7725 0 1 259 0 NA 2 -3 3
"387" "c5.l15" 15 5 "Lz.Fa.73.06_19_18" 209 57 582.707 621.64 99.6079733850891 659.099850675409 593.5177 593.5177 92.6079733850891 666.099850675409 573.49187729032 574.329871688715 604.054248364721 211.207091888809 187.527286253724 199.367189071266 582.707 621.64 602.1735 235.788410397086 213.380808083734 224.58460924041 581.17 620.065 600.6175 0 1 259 0 NA 1 3 3
"388" "c5.l16" 16 5 "Lz.Fa.73.06_19_18" 225 57 621.64 660.573 69.7900839664094 621.021422176515 632.548433333333 632.548433333333 62.7900839664094 628.021422176515 565.231338210106 604.054248364721 581.876779395746 187.527286253724 167.02261650614 177.274951379932 621.64 660.573 641.1065 213.380808083734 191.926942664278 202.653875374006 620.065 658.96 639.5125 0 1 259 0 NA 1 2 2
"389" "c5.l17" 17 5 "Lz.Fa.73.06_19_18" 255 57 660.573 699.507 53.8650615609185 603.876202473692 690.842031612065 650.122438473323 46.8650615609185 610.876202473692 565.479135193433 581.876779395746 573.346935688689 167.02261650614 156.605225924039 161.813921215089 660.573 699.507 680.04 191.926942664278 181.144474771515 186.535708717896 658.96 697.855 678.4075 0 1 259 0 NA 1 1 1
"390" "c5.l18" 18 5 "Lz.Fa.73.06_19_18" 272 187 699.507 738.44 45.2090837043245 575.202936992375 723.011157374916 679.512794717402 38.2090837043245 582.202936992375 545.730171393396 573.346935688689 545.939079477269 156.605225924039 149.662315744171 153.133770834105 699.507 738.44 718.9735 181.144474771515 173.028508345798 177.086491558657 697.855 736.749 717.302 0 1 259 0 NA 1 0 1
"391" "c5.l19" 19 5 "Lz.Fa.73.06_19_18" 292 214 738.44 777.373 43.9258958321154 556.286162945351 749.640566666667 749.640566666667 36.9258958321154 563.286162945351 526.360267113236 545.939079477269 534.786842426027 149.662315744171 139.557682821158 144.609999282665 738.44 777.373 757.9065 173.028508345798 162.446559676992 167.737534011395 736.749 775.644 756.1965 0 1 259 0 NA 1 -1 1
"393" "c5.l20" 20 5 "Lz.Fa.73.06_19_18" 323 237 777.373 816.306 36.1241998601833 543.033222881118 804.557030829914 782.541033499301 29.1241998601833 550.033222881118 521.37406379977 534.786842426027 521.499517127892 139.557682821158 136.813850147093 138.185766484125 777.373 816.306 796.8395 162.446559676992 159.134029480167 160.790294578579 775.644 814.539 795.0915 0 1 259 0 NA 1 -2 2
"394" "c5.l21" 21 5 "Lz.Fa.73.06_19_18" 323 256 816.306 855.239 36.1241998601833 540.04088289118 804.557030829914 791.411954640007 29.1241998601833 547.04088289118 518.083471643198 521.499517127892 518.462138191237 136.813850147093 136.186631396674 136.500240771883 816.306 855.239 835.7725 159.134029480167 158.376810911259 158.755420195713 814.539 853.434 833.9865 0 1 259 0 NA 1 -3 3
"425" "c6.l15" 15 6 "Lz.Fa.73.06_19_18" 209 57 581.17 620.065 99.6079733850891 659.099850675409 593.5177 593.5177 92.6079733850891 666.099850675409 573.49187729032 574.329871688715 604.054248364721 235.788410397086 213.380808083734 224.58460924041 581.17 620.065 600.6175 264.619769955859 243.704331351643 254.162050653751 579.318 618.152 598.735 1 1 259 1 NA 0 3 3
"426" "c6.l16" 16 6 "Lz.Fa.73.06_19_18" 225 57 620.065 658.96 69.7900839664094 621.021422176515 632.548433333333 632.548433333333 62.7900839664094 628.021422176515 565.231338210106 604.054248364721 581.876779395746 213.380808083734 191.926942664278 202.653875374006 620.065 658.96 639.5125 243.704331351643 221.137156989944 232.420744170794 618.152 656.986 637.569 0 1 259 0 NA 0 2 2
"427" "c6.l17" 17 6 "Lz.Fa.73.06_19_18" 255 57 658.96 697.855 53.8650615609185 603.876202473692 690.842031612065 650.122438473323 46.8650615609185 610.876202473692 565.479135193433 581.876779395746 573.346935688689 191.926942664278 181.144474771515 186.535708717896 658.96 697.855 678.4075 221.137156989944 209.926490943087 215.531823966516 656.986 695.819 676.4025 0 1 259 0 NA 0 1 1
"428" "c6.l18" 18 6 "Lz.Fa.73.06_19_18" 272 187 697.855 736.749 45.2090837043245 575.202936992375 723.011157374916 679.512794717402 38.2090837043245 582.202936992375 545.730171393396 573.346935688689 545.939079477269 181.144474771515 173.028508345798 177.086491558657 697.855 736.749 717.302 209.926490943087 200.434650135557 205.180570539322 695.819 734.653 715.236 0 1 259 0 1 0 0 0
"429" "c6.l19" 19 6 "Lz.Fa.73.06_19_18" 292 214 736.749 775.644 43.9258958321154 556.286162945351 749.640566666667 749.640566666667 36.9258958321154 563.286162945351 526.360267113236 545.939079477269 534.786842426027 173.028508345798 162.446559676992 167.737534011395 736.749 775.644 756.1965 200.434650135557 189.292859166778 194.863754651168 734.653 773.487 754.07 0 1 259 0 NA 0 -1 1
"431" "c6.l20" 20 6 "Lz.Fa.73.06_19_18" 323 237 775.644 814.539 36.1241998601833 543.033222881118 804.557030829914 782.541033499301 29.1241998601833 550.033222881118 521.37406379977 534.786842426027 521.499517127892 162.446559676992 159.134029480167 160.790294578579 775.644 814.539 795.0915 189.292859166778 185.313305239987 187.303082203383 773.487 812.321 792.904 0 1 259 0 NA 0 -2 2
"432" "c6.l21" 21 6 "Lz.Fa.73.06_19_18" 323 256 814.539 853.434 36.1241998601833 540.04088289118 804.557030829914 791.411954640007 29.1241998601833 547.04088289118 518.083471643198 521.499517127892 518.462138191237 159.134029480167 158.376810911259 158.755420195713 814.539 853.434 833.9865 185.313305239987 184.403610248459 184.858457744223 812.321 851.155 831.738 0 1 259 0 NA 0 -3 3
"464" "c7.l16" 16 7 "Lz.Fa.73.06_19_18" 225 57 618.152 656.986 69.7900839664094 621.021422176515 632.548433333333 632.548433333333 62.7900839664094 628.021422176515 565.231338210106 604.054248364721 581.876779395746 243.704331351643 221.137156989944 232.420744170794 618.152 656.986 637.569 308.398541351505 283.456160063229 295.927350707367 617.715 656.586 637.1505 0 1 259 0 NA -1 2 2
"465" "c7.l17" 17 7 "Lz.Fa.73.06_19_18" 255 57 656.986 695.819 53.8650615609185 603.876202473692 690.842031612065 650.122438473323 46.8650615609185 610.876202473692 565.479135193433 581.876779395746 573.346935688689 221.137156989944 209.926490943087 215.531823966516 656.986 695.819 676.4025 283.456160063229 271.331947755345 277.394053909287 656.586 695.458 676.022 0 1 259 0 NA -1 1 1
"466" "c7.l18" 18 7 "Lz.Fa.73.06_19_18" 272 187 695.819 734.653 45.2090837043245 575.202936992375 723.011157374916 679.512794717402 38.2090837043245 582.202936992375 545.730171393396 573.346935688689 545.939079477269 209.926490943087 200.434650135557 205.180570539322 695.819 734.653 715.236 271.331947755345 258.904725547573 265.118336651459 695.458 734.329 714.8935 0 1 259 0 NA -1 0 1
"467" "c7.l19" 19 7 "Lz.Fa.73.06_19_18" 292 214 734.653 773.487 43.9258958321154 556.286162945351 749.640566666667 749.640566666667 36.9258958321154 563.286162945351 526.360267113236 545.939079477269 534.786842426027 200.434650135557 189.292859166778 194.863754651168 734.653 773.487 754.07 258.904725547573 246.568529990606 252.736627769089 734.329 773.201 753.765 0 1 259 0 NA -1 -1 1
"469" "c7.l20" 20 7 "Lz.Fa.73.06_19_18" 323 237 773.487 812.321 36.1241998601833 543.033222881118 804.557030829914 782.541033499301 29.1241998601833 550.033222881118 521.37406379977 534.786842426027 521.499517127892 189.292859166778 185.313305239987 187.303082203383 773.487 812.321 792.904 246.568529990606 241.165903524384 243.867216757495 773.201 812.072 792.6365 0 1 259 0 NA -1 -2 2
"470" "c7.l21" 21 7 "Lz.Fa.73.06_19_18" 323 256 812.321 851.155 36.1241998601833 540.04088289118 804.557030829914 791.411954640007 29.1241998601833 547.04088289118 518.083471643198 521.499517127892 518.462138191237 185.313305239987 184.403610248459 184.858457744223 812.321 851.155 831.738 241.165903524384 239.93090524874 240.548404386562 812.072 850.944 831.508 1 1 259 1 NA -1 -3 3
"58" "c10.l27" 27 10 "Lz.Fa.73.06_19_18" 620 500 1043.28 1082.151 57.7134484807351 488.954590849034 1061.88643333333 1061.88643333333 50.7134484807351 495.954590849034 445.241142368299 454.172728740451 471.219116178196 300.197997980999 305.960719217114 303.079358599057 1043.28 1082.151 1062.7155 330.582153533735 337.485278089436 334.033715811585 1043.038 1081.937 1062.4875 1 1 639 2 NA 0 2 2
"59" "c10.l28" 28 10 "Lz.Fa.73.06_19_18" 642 541 1082.151 1121.022 53.2247423796923 510.116110178849 1091.41021821248 1088.31079881276 46.2247423796923 517.116110178849 470.901567918791 471.219116178196 471.181725864619 305.960719217114 305.94010967627 305.950414446692 1082.151 1121.022 1101.5865 337.485278089436 337.462167136613 337.473722613024 1081.937 1120.837 1101.387 0 1 639 0 NA 0 1 1
"60" "c10.l29" 29 10 "Lz.Fa.73.06_19_18" 683 596 1121.022 1159.892 54.9346789619622 498.893952693972 1139.94786666667 1139.94786666667 47.9346789619622 505.893952693972 457.95927373201 471.181725864619 479.264977503203 305.94010967627 300.242273431084 303.091191553677 1121.022 1159.892 1140.457 337.462167136613 332.305100426048 334.883633781331 1120.837 1159.737 1140.287 0 1 639 0 1 0 0 0
"62" "c10.l30" 30 10 "Lz.Fa.73.06_19_18" 725 638 1159.892 1198.763 43.0714178313183 508.085523715629 1173.49070425187 1173.49070425187 36.0714178313183 515.085523715629 479.014105884311 479.264977503203 479.232640245993 300.242273431084 300.22444913491 300.233361282997 1159.892 1198.763 1179.3275 332.305100426048 332.285112767367 332.295106596707 1159.737 1198.637 1179.187 0 1 639 0 NA 0 -1 1
"97" "c11.l28" 28 11 "Lz.Fa.73.06_19_18" 642 541 1081.937 1120.837 53.2247423796923 510.116110178849 1091.41021821248 1088.31079881276 46.2247423796923 517.116110178849 470.901567918791 471.219116178196 471.181725864619 337.485278089436 337.462167136613 337.473722613024 1081.937 1120.837 1101.387 376.455098997372 376.428895865617 376.441997431495 1074.919 1114.457 1094.688 1 1 639 1 NA -1 1 1
"98" "c11.l29" 29 11 "Lz.Fa.73.06_19_18" 683 596 1120.837 1159.737 54.9346789619622 498.893952693972 1139.94786666667 1139.94786666667 47.9346789619622 505.893952693972 457.95927373201 471.181725864619 479.264977503203 337.462167136613 332.305100426048 334.883633781331 1120.837 1159.737 1140.287 376.428895865617 371.940314065563 374.18460496559 1114.457 1153.995 1134.226 1 1 639 2 NA -1 0 1
"100" "c11.l30" 30 11 "Lz.Fa.73.06_19_18" 725 638 1159.737 1198.637 43.0714178313183 508.085523715629 1173.49070425187 1173.49070425187 36.0714178313183 515.085523715629 479.014105884311 479.264977503203 479.232640245993 332.305100426048 332.285112767367 332.295106596707 1159.737 1198.637 1179.187 371.940314065563 371.91765211571 371.928983090637 1153.995 1193.533 1173.764 1 1 639 1 NA -1 -1 1
"515" "c8.l28" 28 8 "Lz.Fa.73.06_19_18" 642 541 1084.172 1123.044 53.2247423796923 510.116110178849 1091.41021821248 1088.31079881276 46.2247423796923 517.116110178849 470.901567918791 471.219116178196 471.181725864619 237.822435017747 237.807232116246 237.814833566997 1084.172 1123.044 1103.608 284.143274138064 284.124395768738 284.133834953401 1082.668 1121.521 1102.0945 1 1 639 2 NA 2 1 2
"516" "c8.l29" 29 8 "Lz.Fa.73.06_19_18" 683 596 1123.044 1161.915 54.9346789619622 498.893952693972 1139.94786666667 1139.94786666667 47.9346789619622 505.893952693972 457.95927373201 471.181725864619 479.264977503203 237.807232116246 230.940557684121 234.373894900183 1123.044 1161.915 1142.4795 284.124395768738 278.052304972685 281.088350370712 1121.521 1160.374 1140.9475 1 1 639 1 NA 2 0 2
"518" "c8.l30" 30 8 "Lz.Fa.73.06_19_18" 725 638 1161.915 1200.787 43.0714178313183 508.085523715629 1173.49070425187 1173.49070425187 36.0714178313183 515.085523715629 479.014105884311 479.264977503203 479.232640245993 230.940557684121 230.927409355339 230.93398351973 1161.915 1200.787 1181.351 278.052304972685 278.03597789152 278.044141432103 1160.374 1199.227 1179.8005 1 1 639 2 NA 2 -1 2
"552" "c9.l27" 27 9 "Lz.Fa.73.06_19_18" 620 500 1043.816 1082.668 57.7134484807351 488.954590849034 1061.88643333333 1061.88643333333 50.7134484807351 495.954590849034 445.241142368299 454.172728740451 471.219116178196 279.169800640316 284.143274138064 281.65653738919 1043.816 1082.668 1063.242 300.197997980999 305.960719217114 303.079358599057 1043.28 1082.151 1062.7155 1 1 639 2 NA 1 2 2
"553" "c9.l28" 28 9 "Lz.Fa.73.06_19_18" 642 541 1082.668 1121.521 53.2247423796923 510.116110178849 1091.41021821248 1088.31079881276 46.2247423796923 517.116110178849 470.901567918791 471.219116178196 471.181725864619 284.143274138064 284.124395768738 284.133834953401 1082.668 1121.521 1102.0945 305.960719217114 305.94010967627 305.950414446692 1082.151 1121.022 1101.5865 0 1 639 0 NA 1 1 1
"554" "c9.l29" 29 9 "Lz.Fa.73.06_19_18" 683 596 1121.521 1160.374 54.9346789619622 498.893952693972 1139.94786666667 1139.94786666667 47.9346789619622 505.893952693972 457.95927373201 471.181725864619 479.264977503203 284.124395768738 278.052304972685 281.088350370712 1121.521 1160.374 1140.9475 305.94010967627 300.242273431084 303.091191553677 1121.022 1159.892 1140.457 0 1 639 0 NA 1 0 1
"556" "c9.l30" 30 9 "Lz.Fa.73.06_19_18" 725 638 1160.374 1199.227 43.0714178313183 508.085523715629 1173.49070425187 1173.49070425187 36.0714178313183 515.085523715629 479.014105884311 479.264977503203 479.232640245993 278.052304972685 278.03597789152 278.044141432103 1160.374 1199.227 1179.8005 300.242273431084 300.22444913491 300.233361282997 1159.892 1198.763 1179.3275 0 1 639 0 NA 1 -1 1
"176" "c13.l30" 30 13 "Lz.Fa.73.06_19_18" 725 638 1150.499 1190.259 43.0714178313183 508.085523715629 1173.49070425187 1173.49070425187 36.0714178313183 515.085523715629 479.014105884311 479.264977503203 479.232640245993 411.719307198329 411.693961256128 411.706634227228 1150.499 1190.259 1170.379 444.980296637051 444.9527064892 444.966501563125 1151.719 1191.355 1171.537 1 1 675 3 NA 1 1 1
"177" "c13.l31" 31 13 "Lz.Fa.73.06_19_18" 725 638 1190.259 1230.019 43.0714178313183 508.085523715629 1218.00933333333 1218.00933333333 36.0714178313183 515.085523715629 479.014105884311 479.232640245993 496.510270283101 411.693961256128 407.921858572403 409.807909914265 1190.259 1230.019 1210.139 444.9527064892 442.37967133005 443.666188909625 1191.355 1230.991 1211.173 0 1 675 0 NA 1 0 1
"178" "c13.l32" 32 13 "Lz.Fa.73.06_19_18" 784 638 1230.019 1269.779 25.7571087245086 508.085523715629 1253.75397818306 1253.75397818306 18.7571087245086 515.085523715629 496.32841499112 496.510270283101 504.603214937335 407.921858572403 406.142762739508 407.032310655956 1230.019 1269.779 1249.899 442.37967133005 441.16222585616 441.770948593105 1230.991 1270.628 1250.8095 1 1 675 1 NA 1 -1 1
"214" "c14.l30" 30 14 "Lz.Fa.73.06_19_18" 725 638 1151.719 1191.355 43.0714178313183 508.085523715629 1173.49070425187 1173.49070425187 36.0714178313183 515.085523715629 479.014105884311 479.264977503203 479.232640245993 444.980296637051 444.9527064892 444.966501563125 1151.719 1191.355 1171.537 477.570315107269 477.540526025927 477.555420566598 1144.777 1184.425 1164.601 1 1 675 3 NA 0 1 1
"215" "c14.l31" 31 14 "Lz.Fa.73.06_19_18" 725 638 1191.355 1230.991 43.0714178313183 508.085523715629 1218.00933333333 1218.00933333333 36.0714178313183 515.085523715629 479.014105884311 479.232640245993 496.510270283101 444.9527064892 442.37967133005 443.666188909625 1191.355 1230.991 1211.173 477.540526025927 476.142369709301 476.841447867614 1184.425 1224.072 1204.2485 0 1 675 0 1 0 0 0
"216" "c14.l32" 32 14 "Lz.Fa.73.06_19_18" 784 638 1230.991 1270.628 25.7571087245086 508.085523715629 1253.75397818306 1253.75397818306 18.7571087245086 515.085523715629 496.32841499112 496.510270283101 504.603214937335 442.37967133005 441.16222585616 441.770948593105 1230.991 1270.628 1250.8095 476.142369709301 475.475244471898 475.8088070906 1224.072 1263.72 1243.896 0 1 675 0 NA 0 -1 1
"217" "c14.l33" 33 14 "Lz.Fa.73.06_19_18" 841 720 1270.628 1310.264 17.6347628716255 493.763750714892 1311.03950125692 1286.77895475965 10.6347628716255 500.763750714892 490.729048295096 504.603214937335 495.389445053979 441.16222585616 428.171031528735 434.666628692447 1270.628 1310.264 1290.446 475.475244471898 461.857513792406 468.666379132152 1263.72 1303.368 1283.544 1 1 675 2 NA 0 -2 2
"252" "c15.l30" 30 15 "Lz.Fa.73.06_19_18" 725 638 1144.777 1184.425 43.0714178313183 508.085523715629 1173.49070425187 1173.49070425187 36.0714178313183 515.085523715629 479.014105884311 479.264977503203 479.232640245993 477.570315107269 477.540526025927 477.555420566598 1144.777 1184.425 1164.601 515.085523715629 515.085523715629 515.085523715629 1144.777 1184.425 1173.49070425187 1 1 675 2 NA -1 1 1
"253" "c15.l31" 31 15 "Lz.Fa.73.06_19_18" 725 638 1184.425 1224.072 43.0714178313183 508.085523715629 1218.00933333333 1218.00933333333 36.0714178313183 515.085523715629 479.014105884311 479.232640245993 496.510270283101 477.540526025927 476.142369709301 476.841447867614 1184.425 1224.072 1204.2485 515.085523715629 515.085523715629 515.085523715629 1184.425 1224.072 1218.00933333333 0 1 675 0 NA -1 0 1
"254" "c15.l32" 32 15 "Lz.Fa.73.06_19_18" 784 638 1224.072 1263.72 25.7571087245086 508.085523715629 1253.75397818306 1253.75397818306 18.7571087245086 515.085523715629 496.32841499112 496.510270283101 504.603214937335 476.142369709301 475.475244471898 475.8088070906 1224.072 1263.72 1243.896 515.085523715629 515.085523715629 515.085523715629 1224.072 1263.72 1253.75397818306 0 1 675 0 NA -1 -1 1
"65" "c10.l33" 33 10 "Lz.Fa.73.06_19_18" 841 720 1276.504 1315.375 17.6347628716255 493.763750714892 1311.03950125692 1286.77895475965 10.6347628716255 500.763750714892 490.729048295096 504.603214937335 495.389445053979 288.772054945084 278.563419122434 283.667737033759 1276.504 1315.375 1295.9395 322.530010024392 311.704972996545 317.117491510469 1276.436 1315.336 1295.886 1 1 808 3 NA -1 1 1
"66" "c10.l34" 34 10 "Lz.Fa.73.06_19_18" 874 756 1315.375 1354.245 12.5047570086809 471.748341732685 1339.46849620655 1311.03950125692 5.5047570086809 478.748341732685 474.096718229806 495.389445053979 473.570530276509 278.563419122434 266.322674477522 272.443046799978 1315.375 1354.245 1334.81 311.704972996545 298.00454295302 304.854757974783 1315.336 1354.236 1334.786 0 1 808 0 NA -1 0 1
"67" "c10.l35" 35 10 "Lz.Fa.73.06_19_18" 921 790 1354.245 1393.116 12.2905981891101 469.610087511274 1374.13226666667 1374.13226666667 5.2905981891101 476.610087511274 471.319489322164 473.570530276509 480.921247568046 266.322674477522 265.351463395458 265.83706893649 1354.245 1393.116 1373.6805 298.00454295302 297.52509485776 297.76481890539 1354.236 1393.136 1373.686 1 1 808 3 NA -1 -1 1
"483" "c7.l33" 33 7 "Lz.Fa.73.06_19_18" 841 720 1278.328 1317.162 17.6347628716255 493.763750714892 1311.03950125692 1286.77895475965 10.6347628716255 500.763750714892 490.729048295096 504.603214937335 495.389445053979 161.763425745357 153.873895802348 157.818660773852 1278.328 1317.162 1297.745 215.806430065146 206.930105367629 211.368267716387 1278.529 1317.401 1297.965 0 1 808 0 NA 2 1 2
"484" "c7.l34" 34 7 "Lz.Fa.73.06_19_18" 874 756 1317.162 1355.995 12.5047570086809 471.748341732685 1339.46849620655 1311.03950125692 5.5047570086809 478.748341732685 474.096718229806 495.389445053979 473.570530276509 153.873895802348 147.124972006924 150.499433904636 1317.162 1355.995 1336.5785 206.930105367629 197.844375799538 202.387240583584 1317.401 1356.272 1336.8365 1 1 808 2 NA 2 0 2
"521" "c8.l33" 33 8 "Lz.Fa.73.06_19_18" 841 720 1278.529 1317.401 17.6347628716255 493.763750714892 1311.03950125692 1286.77895475965 10.6347628716255 500.763750714892 490.729048295096 504.603214937335 495.389445053979 215.806430065146 206.930105367629 211.368267716387 1278.529 1317.401 1297.965 265.408926093486 255.626887816435 260.51790695496 1276.932 1315.785 1296.3585 0 1 808 0 NA 1 1 1
"522" "c8.l34" 34 8 "Lz.Fa.73.06_19_18" 874 756 1317.401 1356.272 12.5047570086809 471.748341732685 1339.46849620655 1311.03950125692 5.5047570086809 478.748341732685 474.096718229806 495.389445053979 473.570530276509 206.930105367629 197.844375799538 202.387240583584 1317.401 1356.272 1336.8365 255.626887816435 244.396358925719 250.011623371077 1315.785 1354.638 1335.2115 0 1 808 0 NA 1 0 1
"523" "c8.l35" 35 8 "Lz.Fa.73.06_19_18" 921 790 1356.272 1395.144 12.2905981891101 469.610087511274 1374.13226666667 1374.13226666667 5.2905981891101 476.610087511274 471.319489322164 473.570530276509 480.921247568046 197.844375799538 195.810250997118 196.827313398328 1356.272 1395.144 1375.708 244.396358925719 243.084809633057 243.740584279388 1354.638 1393.491 1374.0645 1 1 808 2 NA 1 -1 1
"559" "c9.l33" 33 9 "Lz.Fa.73.06_19_18" 841 720 1276.932 1315.785 17.6347628716255 493.763750714892 1311.03950125692 1286.77895475965 10.6347628716255 500.763750714892 490.729048295096 504.603214937335 495.389445053979 265.408926093486 255.626887816435 260.51790695496 1276.932 1315.785 1296.3585 288.772054945084 278.563419122434 283.667737033759 1276.504 1315.375 1295.9395 0 1 808 0 NA 0 1 1
"560" "c9.l34" 34 9 "Lz.Fa.73.06_19_18" 874 756 1315.785 1354.638 12.5047570086809 471.748341732685 1339.46849620655 1311.03950125692 5.5047570086809 478.748341732685 474.096718229806 495.389445053979 473.570530276509 255.626887816435 244.396358925719 250.011623371077 1315.785 1354.638 1335.2115 278.563419122434 266.322674477522 272.443046799978 1315.375 1354.245 1334.81 0 1 808 0 1 0 0 0
"561" "c9.l35" 35 9 "Lz.Fa.73.06_19_18" 921 790 1354.638 1393.491 12.2905981891101 469.610087511274 1374.13226666667 1374.13226666667 5.2905981891101 476.610087511274 471.319489322164 473.570530276509 480.921247568046 244.396358925719 243.084809633057 243.740584279388 1354.638 1393.491 1374.0645 266.322674477522 265.351463395458 265.83706893649 1354.245 1393.116 1373.6805 1 1 808 1 NA 0 -1 1
"221" "c14.l37" 37 14 "Lz.Fa.73.06_19_18" 999 883 1429.173 1468.809 6.09273997033799 459.45754742744 1452.19356666667 1452.19356666667 -0.90726002966201 466.45754742744 467.364807457102 482.077139153975 488.152774765389 410.40095509651 409.49194742983 409.94645126317 1429.173 1468.809 1448.991 443.18220055898 442.686336113876 442.934268336428 1422.31 1461.957 1442.1335 1 1 927 2 NA 0 1 1
"222" "c14.l38" 38 14 "Lz.Fa.73.06_19_18" 1015 939 1468.809 1508.445 0 474.099185844587 1504.80381170253 1487.91840858327 -7 481.099185844587 488.391167058382 NA NA 409.49194742983 405.86 405.86 1468.809 1513.445 1505.445 442.686336113876 439.044 439.044 1461.957 1513.445 1498.605 1 1 927 2 1 0 0 0
"334" "c3.l36" 36 3 "Lz.Fa.73.06_19_18" 963 838 1396.427 1435.085 7.26767173595087 474.098989728452 1421.22813624885 1421.22813624885 0.26767173595087 481.098989728452 480.831317992501 480.921247568046 482.077139153975 48.7926256155667 47.7343233109741 48.2634744632704 1396.427 1435.085 1415.756 75.6761233546205 74.6824353896813 75.1792793721509 1400.051 1438.783 1419.417 0 1 970 0 NA 1 1 1
"335" "c3.l37" 37 3 "Lz.Fa.73.06_19_18" 999 883 1435.085 1473.742 6.09273997033799 459.45754742744 1452.19356666667 1452.19356666667 -0.90726002966201 466.45754742744 467.364807457102 482.077139153975 488.152774765389 47.7343233109741 42.2546149738278 44.9944691424009 1435.085 1473.742 1454.4135 74.6824353896813 69.542355083213 72.1123952364472 1438.783 1477.516 1458.1495 1 1 970 3 NA 1 0 1
"372" "c4.l36" 36 4 "Lz.Fa.73.06_19_18" 963 838 1400.051 1438.783 7.26767173595087 474.098989728452 1421.22813624885 1421.22813624885 0.26767173595087 481.098989728452 480.831317992501 480.921247568046 482.077139153975 75.6761233546205 74.6824353896813 75.1792793721509 1400.051 1438.783 1419.417 99.5779093587524 98.6416692056339 99.1097892821931 1400.303 1439.236 1419.7695 1 1 970 2 NA 0 1 1
"373" "c4.l37" 37 4 "Lz.Fa.73.06_19_18" 999 883 1438.783 1477.516 6.09273997033799 459.45754742744 1452.19356666667 1452.19356666667 -0.90726002966201 466.45754742744 467.364807457102 482.077139153975 488.152774765389 74.6824353896813 69.542355083213 72.1123952364472 1438.783 1477.516 1458.1495 98.6416692056339 93.8035479890528 96.2226085973434 1439.236 1478.169 1458.7025 0 1 970 0 1 0 0 0
"374" "c4.l38" 38 4 "Lz.Fa.73.06_19_18" 1015 939 1477.516 1516.248 0 474.099185844587 1504.80381170253 1487.91840858327 -7 481.099185844587 488.391167058382 NA NA 69.542355083213 64.553 64.553 1477.516 1521.248 1513.248 93.8035479890528 88.814 88.814 1478.169 1522.102 1514.102 1 1 970 1 NA 0 -1 1
"410" "c5.l36" 36 5 "Lz.Fa.73.06_19_18" 963 838 1400.303 1439.236 7.26767173595087 474.098989728452 1421.22813624885 1421.22813624885 0.26767173595087 481.098989728452 480.831317992501 480.921247568046 482.077139153975 99.5779093587524 98.6416692056339 99.1097892821931 1400.303 1439.236 1419.7695 120.161338754665 119.274570761424 119.717954758044 1397.961 1436.855 1417.408 0 1 970 0 NA -1 1 1
"411" "c5.l37" 37 5 "Lz.Fa.73.06_19_18" 999 883 1439.236 1478.169 6.09273997033799 459.45754742744 1452.19356666667 1452.19356666667 -0.90726002966201 466.45754742744 467.364807457102 482.077139153975 488.152774765389 98.6416692056339 93.8035479890528 96.2226085973434 1439.236 1478.169 1458.7025 119.274570761424 114.696486749011 116.985528755218 1436.855 1475.75 1456.3025 0 1 970 0 NA -1 0 1
"449" "c6.l37" 37 6 "Lz.Fa.73.06_19_18" 999 883 1436.855 1475.75 6.09273997033799 459.45754742744 1452.19356666667 1452.19356666667 -0.90726002966201 466.45754742744 467.364807457102 482.077139153975 488.152774765389 119.274570761424 114.696486749011 116.985528755218 1436.855 1475.75 1456.3025 143.474843146954 139.201756042234 141.338299594594 1433.663 1472.497 1453.08 1 1 970 1 NA -2 0 2
"412" "c5.l38" 38 5 "Lz.Fa.73.06_19_18" 1015 939 1478.169 1517.102 0 474.099185844587 1504.80381170253 1487.91840858327 -7 481.099185844587 488.391167058382 NA NA 93.8035479890528 88.814 88.814 1478.169 1522.102 1514.102 114.696486749011 109.814 109.814 1475.75 1522.102 1511.645 0 1 994 0 1 0 0 0
